##TITLE= Parameter file, TOPSPIN		Version 3.2
##JCAMPDX= 5.0
##DATATYPE= Parameter Values
##NPOINTS= 24	$$ modification sequence number
##ORIGIN= Bruker BioSpin GmbH
##OWNER= joesach
$$ 2021-03-15 11:43:10.972 -0500  joesach@B10064556
$$ /home/joesach/data/Ruofan-2021_0312/13/pdata/1/clevels
$$ process /opt/topspin3.2/prog/mod/dataserver
##$LEVELS= (0..255)
-20379307.3 -16982756 -14152296.7 -11793580.6 -9827983.8 -8189986.5 -6824988.8
-5687490.6 -4739575.5 -3949646.3 -3291371.9 -2742809.9 -2285674.9 -1904729.1
-1587274.3 -1322728.5 -1102273.8 -918561.5 -765467.9 -637889.9 -531574.9
-442979.1 -369149.3 -307624.4 -256353.7 -213628 -178023.4 -148352.8 -123627.3
-103022.8 -85852.3 -71543.6 71543.6 85852.3 103022.8 123627.3 148352.8
178023.4 213628 256353.7 307624.4 369149.3 442979.1 531574.9 637889.9 765467.9
918561.5 1102273.8 1322728.5 1587274.3 1904729.1 2285674.9 2742809.9 3291371.9
3949646.3 4739575.5 5687490.6 6824988.8 8189986.5 9827983.8 11793580.6
14152296.7 16982756 20379307.3 0 0 0 0 0 0 0 0 0 0 0 0 0 0 0 0 0 0 0 0
0 0 0 0 0 0 0 0 0 0 0 0 0 0 0 0 0 0 0 0 0 0 0 0 0 0 0 0 0 0 0 0 0 0 0 0
0 0 0 0 0 0 0 0 0 0 0 0 0 0 0 0 0 0 0 0 0 0 0 0 0 0 0 0 0 0 0 0 0 0 0 0
0 0 0 0 0 0 0 0 0 0 0 0 0 0 0 0 0 0 0 0 0 0 0 0 0 0 0 0 0 0 0 0 0 0 0 0
0 0 0 0 0 0 0 0 0 0 0 0 0 0 0 0 0 0 0 0 0 0 0 0 0 0 0 0 0 0 0 0 0 0 0 0
0 0 0 0 0 0 0 0 0 0 0 0 0 0 0 0 0 0 0 0 0 0 0 0 0 0 0 0
##$LEVSIGN= 3
##$MAXLEV= 40
##$METHOD= 0
##$NEGBASE= -71543.6
##$NEGINCR= 1.2
##$POSBASE= 71543.6
##$POSINCR= 1.2
##END=
