##TITLE= Parameter file, TOPSPIN		Version 3.2
##JCAMPDX= 5.0
##DATATYPE= Parameter Values
##NPOINTS= 56	$$ modification sequence number
##ORIGIN= Bruker BioSpin GmbH
##OWNER= sosnick
$$ 2021-08-20 10:36:30.231 -0500  sosnick@B10064557
$$ /opt/data/Sosnick/Julia/Julia-2021_0819/3/pdata/1/clevels
$$ process /opt/topspin3.2/prog/mod/dataserver
##$LEVELS= (0..255)
-12085228.9 -10071024.1 -8392520 -6993766.8 -5828139 -4856782.4 -4047318.7
-3372765.6 -2810638 -2342198.3 -1951831.9 -1626526.6 -1355438.8 -1129532.4
-941276.9 -784397.5 -653664.5 -544720.4 -453933.7 -378278.1 -315231.7 -262693.1
-218910.9 -182425.8 -152021.5 -126684.5 -105570.5 -87975.4 -73312.8 -61094
-50911.7 -42426.4 42426.4 50911.7 61094 73312.8 87975.4 105570.5 126684.5
152021.5 182425.8 218910.9 262693.1 315231.7 378278.1 453933.7 544720.4
653664.5 784397.5 941276.9 1129532.4 1355438.8 1626526.6 1951831.9 2342198.3
2810638 3372765.6 4047318.7 4856782.4 5828139 6993766.8 8392520 10071024.1
12085228.9 0 0 0 0 0 0 0 0 0 0 0 0 0 0 0 0 0 0 0 0 0 0 0 0 0 0 0 0 0 0
0 0 0 0 0 0 0 0 0 0 0 0 0 0 0 0 0 0 0 0 0 0 0 0 0 0 0 0 0 0 0 0 0 0 0 0
0 0 0 0 0 0 0 0 0 0 0 0 0 0 0 0 0 0 0 0 0 0 0 0 0 0 0 0 0 0 0 0 0 0 0 0
0 0 0 0 0 0 0 0 0 0 0 0 0 0 0 0 0 0 0 0 0 0 0 0 0 0 0 0 0 0 0 0 0 0 0 0
0 0 0 0 0 0 0 0 0 0 0 0 0 0 0 0 0 0 0 0 0 0 0 0 0 0 0 0 0 0 0 0 0 0 0 0
0 0 0 0 0 0 0 0 0 0 0 0 0 0 0 0 0 0
##$LEVSIGN= 3
##$MAXLEV= 40
##$METHOD= 0
##$NEGBASE= -30000
##$NEGINCR= 1.2
##$POSBASE= 30000
##$POSINCR= 1.2
##END=
