##TITLE= Parameter file, TOPSPIN		Version 3.2
##JCAMPDX= 5.0
##DATATYPE= Parameter Values
##NPOINTS= 24	$$ modification sequence number
##ORIGIN= Bruker BioSpin GmbH
##OWNER= joesach
$$ 2021-04-23 11:58:57.966 -0500  joesach@B10064556
$$ /home/joesach/data/Ruofan-2021_0421/2/pdata/1/clevels
$$ process /opt/topspin3.2/prog/mod/dataserver
##$LEVELS= (0..255)
-2378111.9 -1981759.9 -1651466.6 -1376222.1 -1146851.8 -955709.8 -796424.9
-663687.4 -553072.8 -460894 -384078.3 -320065.3 -266721.1 -222267.6 -185223
-154352.5 -128627.1 -107189.2 -89324.3 -74437 -62030.8 -51692.3 -43076.9
-35897.5 -29914.5 -24928.8 -20774 -17311.7 -14426.4 -12022 -10018.3 -8348.6
8348.6 10018.3 12022 14426.4 17311.7 20774 24928.8 29914.5 35897.5 43076.9
51692.3 62030.8 74437 89324.3 107189.2 128627.1 154352.5 185223 222267.6
266721.1 320065.3 384078.3 460894 553072.8 663687.4 796424.9 955709.8 1146851.8
1376222.1 1651466.6 1981759.9 2378111.9 0 0 0 0 0 0 0 0 0 0 0 0 0 0 0 0
0 0 0 0 0 0 0 0 0 0 0 0 0 0 0 0 0 0 0 0 0 0 0 0 0 0 0 0 0 0 0 0 0 0 0 0
0 0 0 0 0 0 0 0 0 0 0 0 0 0 0 0 0 0 0 0 0 0 0 0 0 0 0 0 0 0 0 0 0 0 0 0
0 0 0 0 0 0 0 0 0 0 0 0 0 0 0 0 0 0 0 0 0 0 0 0 0 0 0 0 0 0 0 0 0 0 0 0
0 0 0 0 0 0 0 0 0 0 0 0 0 0 0 0 0 0 0 0 0 0 0 0 0 0 0 0 0 0 0 0 0 0 0 0
0 0 0 0 0 0 0 0 0 0 0 0 0 0 0 0 0 0 0 0 0 0 0 0 0 0 0 0 0 0 0 0
##$LEVSIGN= 3
##$MAXLEV= 40
##$METHOD= 0
##$NEGBASE= -8348.6
##$NEGINCR= 1.2
##$POSBASE= 8348.6
##$POSINCR= 1.2
##END=
