##TITLE= Parameter file, TOPSPIN		Version 3.2
##JCAMPDX= 5.0
##DATATYPE= Parameter Values
##NPOINTS= 8	$$ modification sequence number
##ORIGIN= Bruker BioSpin GmbH
##OWNER= sosnick
$$ 2019-02-22 10:20:05.097 -0600  sosnick@B10064556
$$ /opt/data/sosnick/Ruofan-2019_0221/9/pdata/1/clevels
$$ process /opt/topspin3.2/prog/mod/dataserver
##$LEVELS= (0..255)
-3257457.29985071 -1809698.49991706 -1005388.05550948 -558548.919727488
-310304.95540416 -172391.6418912 -95773.134384 -53207.29688 53207.29688
95773.134384 172391.6418912 310304.95540416 558548.919727488 1005388.05550948
1809698.49991706 3257457.29985071 0 0 0 0 0 0 0 0 0 0 0 0 0 0 0 0 0 0 0
0 0 0 0 0 0 0 0 0 0 0 0 0 0 0 0 0 0 0 0 0 0 0 0 0 0 0 0 0 0 0 0 0 0 0 0
0 0 0 0 0 0 0 0 0 0 0 0 0 0 0 0 0 0 0 0 0 0 0 0 0 0 0 0 0 0 0 0 0 0 0 0
0 0 0 0 0 0 0 0 0 0 0 0 0 0 0 0 0 0 0 0 0 0 0 0 0 0 0 0 0 0 0 0 0 0 0 0
0 0 0 0 0 0 0 0 0 0 0 0 0 0 0 0 0 0 0 0 0 0 0 0 0 0 0 0 0 0 0 0 0 0 0 0
0 0 0 0 0 0 0 0 0 0 0 0 0 0 0 0 0 0 0 0 0 0 0 0 0 0 0 0 0 0 0 0 0 0 0 0
0 0 0 0 0 0 0 0 0 0 0 0 0 0 0 0 0 0 0 0 0 0 0 0 0 0 0 0 0 0 0 0 0 0 0 0
0 0 0 0 0
##$LEVSIGN= 3
##$MAXLEV= 8
##$METHOD= 0
##$NEGBASE= -53207.29688
##$NEGINCR= 1.8
##$POSBASE= 53207.29688
##$POSINCR= 1.8
##END=
