##TITLE= Parameter file, TOPSPIN		Version 3.2
##JCAMPDX= 5.0
##DATATYPE= Parameter Values
##NPOINTS= 40	$$ modification sequence number
##ORIGIN= Bruker BioSpin GmbH
##OWNER= joesach
$$ 2021-03-15 17:50:33.287 -0500  joesach@B10064556
$$ /home/joesach/data/Ruofan-2021_0312/12/pdata/1/clevels
$$ process /opt/topspin3.2/prog/mod/dataserver
##$LEVELS= (0..255)
-2848515.8 -2373763.1 -1978135.9 -1648446.6 -1373705.5 -1144754.6 -953962.2
-794968.5 -662473.7 -552061.4 -460051.2 -383376 -319480 -266233.3 -221861.1
-184884.3 -154070.2 -128391.8 -106993.2 -89161 -74300.8 -61917.4 -51597.8
-42998.2 -35831.8 -29859.8 -24883.2 -20736 -17280 -14400 -12000 -10000
10000 12000 14400 17280 20736 24883.2 29859.8 35831.8 42998.2 51597.8 61917.4
74300.8 89161 106993.2 128391.8 154070.2 184884.3 221861.1 266233.3 319480
383376 460051.2 552061.4 662473.7 794968.5 953962.2 1144754.6 1373705.5
1648446.6 1978135.9 2373763.1 2848515.8 0 0 0 0 0 0 0 0 0 0 0 0 0 0 0 0
0 0 0 0 0 0 0 0 0 0 0 0 0 0 0 0 0 0 0 0 0 0 0 0 0 0 0 0 0 0 0 0 0 0 0 0
0 0 0 0 0 0 0 0 0 0 0 0 0 0 0 0 0 0 0 0 0 0 0 0 0 0 0 0 0 0 0 0 0 0 0 0
0 0 0 0 0 0 0 0 0 0 0 0 0 0 0 0 0 0 0 0 0 0 0 0 0 0 0 0 0 0 0 0 0 0 0 0
0 0 0 0 0 0 0 0 0 0 0 0 0 0 0 0 0 0 0 0 0 0 0 0 0 0 0 0 0 0 0 0 0 0 0 0
0 0 0 0 0 0 0 0 0 0 0 0 0 0 0 0 0 0 0 0 0 0 0 0 0 0 0 0 0 0 0 0
##$LEVSIGN= 3
##$MAXLEV= 40
##$METHOD= 0
##$NEGBASE= -10000
##$NEGINCR= 1.2
##$POSBASE= 10000
##$POSINCR= 1.2
##END=
