##TITLE= Parameter file, TOPSPIN		Version 3.2
##JCAMPDX= 5.0
##DATATYPE= Parameter Values
##NPOINTS= 16	$$ modification sequence number
##ORIGIN= Bruker BioSpin GmbH
##OWNER= joesach
$$ 2021-03-15 14:09:30.227 -0500  joesach@B10064556
$$ /home/joesach/data/Ruofan-2021_0312/15/pdata/1/clevels
$$ process /opt/topspin3.2/prog/mod/dataserver
##$LEVELS= (0..255)
-1424257.9 -1186881.6 -989068 -824223.3 -686852.8 -572377.3 -476981.1 -397484.2
-331236.9 -276030.7 -230025.6 -191688 -159740 -133116.7 -110930.6 -92442.1
-77035.1 -64195.9 -53496.6 -44580.5 -37150.4 -30958.7 -25798.9 -21499.1
-17915.9 -14929.9 -12441.6 -10368 -8640 -7200 -6000 -5000 5000 6000 7200
8640 10368 12441.6 14929.9 17915.9 21499.1 25798.9 30958.7 37150.4 44580.5
53496.6 64195.9 77035.1 92442.1 110930.6 133116.7 159740 191688 230025.6
276030.7 331236.9 397484.2 476981.1 572377.3 686852.8 824223.3 989068 1186881.6
1424257.9 0 0 0 0 0 0 0 0 0 0 0 0 0 0 0 0 0 0 0 0 0 0 0 0 0 0 0 0 0 0 0
0 0 0 0 0 0 0 0 0 0 0 0 0 0 0 0 0 0 0 0 0 0 0 0 0 0 0 0 0 0 0 0 0 0 0 0
0 0 0 0 0 0 0 0 0 0 0 0 0 0 0 0 0 0 0 0 0 0 0 0 0 0 0 0 0 0 0 0 0 0 0 0
0 0 0 0 0 0 0 0 0 0 0 0 0 0 0 0 0 0 0 0 0 0 0 0 0 0 0 0 0 0 0 0 0 0 0 0
0 0 0 0 0 0 0 0 0 0 0 0 0 0 0 0 0 0 0 0 0 0 0 0 0 0 0 0 0 0 0 0 0 0 0 0
0 0 0 0 0 0 0 0 0 0 0 0 0 0 0 0 0
##$LEVSIGN= 3
##$MAXLEV= 40
##$METHOD= 0
##$NEGBASE= -5000
##$NEGINCR= 1.2
##$POSBASE= 5000
##$POSINCR= 1.2
##END=
