##TITLE= Parameter file, TOPSPIN		Version 3.2
##JCAMPDX= 5.0
##DATATYPE= Parameter Values
##NPOINTS= 24	$$ modification sequence number
##ORIGIN= Bruker BioSpin GmbH
##OWNER= joesach
$$ 2021-03-15 17:51:44.439 -0500  joesach@B10064556
$$ /home/joesach/data/Ruofan-2021_0312/22/pdata/1/clevels
$$ process /opt/topspin3.2/prog/mod/dataserver
##$LEVELS= (0..255)
-1299322 -1082768.3 -902306.9 -751922.4 -626602 -522168.4 -435140.3 -362616.9
-302180.8 -251817.3 -209847.8 -174873.1 -145727.6 -121439.7 -101199.7 -84333.1
-70277.6 -58564.7 -48803.9 -40669.9 -33891.6 -28243 -23535.8 -19613.2 -16344.3
-13620.3 -11350.2 -9458.5 -7882.1 -6568.4 -5473.7 -4561.4 4561.4 5473.7
6568.4 7882.1 9458.5 11350.2 13620.3 16344.3 19613.2 23535.8 28243 33891.6
40669.9 48803.9 58564.7 70277.6 84333.1 101199.7 121439.7 145727.6 174873.1
209847.8 251817.3 302180.8 362616.9 435140.3 522168.4 626602 751922.4 902306.9
1082768.3 1299322 0 0 0 0 0 0 0 0 0 0 0 0 0 0 0 0 0 0 0 0 0 0 0 0 0 0 0
0 0 0 0 0 0 0 0 0 0 0 0 0 0 0 0 0 0 0 0 0 0 0 0 0 0 0 0 0 0 0 0 0 0 0 0
0 0 0 0 0 0 0 0 0 0 0 0 0 0 0 0 0 0 0 0 0 0 0 0 0 0 0 0 0 0 0 0 0 0 0 0
0 0 0 0 0 0 0 0 0 0 0 0 0 0 0 0 0 0 0 0 0 0 0 0 0 0 0 0 0 0 0 0 0 0 0 0
0 0 0 0 0 0 0 0 0 0 0 0 0 0 0 0 0 0 0 0 0 0 0 0 0 0 0 0 0 0 0 0 0 0 0 0
0 0 0 0 0 0 0 0 0 0 0 0 0 0 0 0 0 0 0 0 0
##$LEVSIGN= 3
##$MAXLEV= 40
##$METHOD= 0
##$NEGBASE= -4561.4
##$NEGINCR= 1.2
##$POSBASE= 4561.4
##$POSINCR= 1.2
##END=
