O 600.132821
-13500000
-13455078
-13410156
-13365234
-13320312
-13275391
-13230469
-13185547
-13140625
-13095703
-13050781
-13005859
-12960938
-12916016
-12871094
-12826172
-12781250
-12736328
-12691406
-12646484
-12601562
-12556641
-12511719
-12466797
-12421875
-12376953
-12332031
-12287109
-12242188
-12197266
-12152344
-12107422
-12062500
-12017578
-11972656
-11927734
-11882812
-11837891
-11792969
-11748047
-11703125
-11658203
-11613281
-11568359
-11523438
-11478516
-11433594
-11388672
-11343750
-11298828
-11253906
-11208984
-11164062
-11119141
-11074219
-11029297
-10984375
-10939453
-10894531
-10849609
-10804688
-10759766
-10714844
-10669922
-10625000
-10580078
-10535156
-10490234
-10445312
-10400391
-10355469
-10310547
-10265625
-10220703
-10175781
-10130859
-10085938
-10041016
-9996094
-9951172
-9906250
-9861328
-9816406
-9771484
-9726562
-9681641
-9636719
-9591797
-9546875
-9501953
-9457031
-9412109
-9367188
-9322266
-9277344
-9232422
-9187500
-9142578
-9097656
-9052734
-9007812
-8962891
-8917969
-8873047
-8828125
-8783203
-8738281
-8693359
-8648438
-8603516
-8558594
-8513672
-8468750
-8423828
-8378906
-8333984
-8289062
-8244141
-8199219
-8154297
-8109375
-8064453
-8019531
-7974609
-7929688
-7884766
-7839844
-7794922
-7750000
-7705078
-7660156
-7615234
-7570312
-7525391
-7480469
-7435547
-7390625
-7345703
-7300781
-7255859
-7210938
-7166016
-7121094
-7076172
-7031250
-6986328
-6941406
-6896484
-6851562
-6806641
-6761719
-6716797
-6671875
-6626953
-6582031
-6537109
-6492188
-6447266
-6402344
-6357422
-6312500
-6267578
-6222656
-6177734
-6132812
-6087891
-6042969
-5998047
-5953125
-5908203
-5863281
-5818359
-5773438
-5728516
-5683594
-5638672
-5593750
-5548828
-5503906
-5458984
-5414062
-5369141
-5324219
-5279297
-5234375
-5189453
-5144531
-5099609
-5054688
-5009766
-4964844
-4919922
-4875000
-4830078
-4785156
-4740234
-4695312
-4650391
-4605469
-4560547
-4515625
-4470703
-4425781
-4380859
-4335938
-4291016
-4246094
-4201172
-4156250
-4111328
-4066406
-4021484
-3976562
-3931641
-3886719
-3841797
-3796875
-3751953
-3707031
-3662109
-3617188
-3572266
-3527344
-3482422
-3437500
-3392578
-3347656
-3302734
-3257812
-3212891
-3167969
-3123047
-3078125
-3033203
-2988281
-2943359
-2898438
-2853516
-2808594
-2763672
-2718750
-2673828
-2628906
-2583984
-2539062
-2494141
-2449219
-2404297
-2359375
-2314453
-2269531
-2224609
-2179688
-2134766
-2089844
-2044922
-2000000
-1992172
-1984344
-1976517
-1968689
-1960861
-1953033
-1945205
-1937378
-1929550
-1921722
-1913894
-1906067
-1898239
-1890411
-1882583
-1874755
-1866928
-1859100
-1851272
-1843444
-1835616
-1827789
-1819961
-1812133
-1804305
-1796477
-1788650
-1780822
-1772994
-1765166
-1757339
-1749511
-1741683
-1733855
-1726027
-1718200
-1710372
-1702544
-1694716
-1686888
-1679061
-1671233
-1663405
-1655577
-1647750
-1639922
-1632094
-1624266
-1616438
-1608611
-1600783
-1592955
-1585127
-1577299
-1569472
-1561644
-1553816
-1545988
-1538160
-1530333
-1522505
-1514677
-1506849
-1499022
-1491194
-1483366
-1475538
-1467710
-1459883
-1452055
-1444227
-1436399
-1428571
-1420744
-1412916
-1405088
-1397260
-1389432
-1381605
-1373777
-1365949
-1358121
-1350294
-1342466
-1334638
-1326810
-1318982
-1311155
-1303327
-1295499
-1287671
-1279843
-1272016
-1264188
-1256360
-1248532
-1240705
-1232877
-1225049
-1217221
-1209393
-1201566
-1193738
-1185910
-1178082
-1170254
-1162427
-1154599
-1146771
-1138943
-1131115
-1123288
-1115460
-1107632
-1099804
-1091977
-1084149
-1076321
-1068493
-1060665
-1052838
-1045010
-1037182
-1029354
-1021526
-1013699
-1005871
 -998043
 -990215
 -982387
 -974560
 -966732
 -958904
 -951076
 -943249
 -935421
 -927593
 -919765
 -911937
 -904110
 -896282
 -888454
 -880626
 -872798
 -864971
 -857143
 -849315
 -841487
 -833659
 -825832
 -818004
 -810176
 -802348
 -794521
 -786693
 -778865
 -771037
 -763209
 -755382
 -747554
 -739726
 -731898
 -724070
 -716243
 -708415
 -700587
 -692759
 -684932
 -677104
 -669276
 -661448
 -653620
 -645793
 -637965
 -630137
 -622309
 -614481
 -606654
 -598826
 -590998
 -583170
 -575342
 -567515
 -559687
 -551859
 -544031
 -536204
 -528376
 -520548
 -512720
 -504892
 -497065
 -489237
 -481409
 -473581
 -465753
 -457926
 -450098
 -442270
 -434442
 -426614
 -418787
 -410959
 -403131
 -395303
 -387476
 -379648
 -371820
 -363992
 -356164
 -348337
 -340509
 -332681
 -324853
 -317025
 -309198
 -301370
 -293542
 -285714
 -277886
 -270059
 -262231
 -254403
 -246575
 -238748
 -230920
 -223092
 -215264
 -207436
 -199609
 -191781
 -183953
 -176125
 -168297
 -160470
 -152642
 -144814
 -136986
 -129159
 -121331
 -113503
 -105675
  -97847
  -90020
  -82192
  -74364
  -66536
  -58708
  -50881
  -43053
  -35225
  -27397
  -19569
  -11742
   -3914
    3914
   11742
   19569
   27397
   35225
   43053
   50881
   58708
   66536
   74364
   82192
   90020
   97847
  105675
  113503
  121331
  129159
  136986
  144814
  152642
  160470
  168297
  176125
  183953
  191781
  199609
  207436
  215264
  223092
  230920
  238748
  246575
  254403
  262231
  270059
  277886
  285714
  293542
  301370
  309198
  317025
  324853
  332681
  340509
  348337
  356164
  363992
  371820
  379648
  387476
  395303
  403131
  410959
  418787
  426614
  434442
  442270
  450098
  457926
  465753
  473581
  481409
  489237
  497065
  504892
  512720
  520548
  528376
  536204
  544031
  551859
  559687
  567515
  575342
  583170
  590998
  598826
  606654
  614481
  622309
  630137
  637965
  645793
  653620
  661448
  669276
  677104
  684932
  692759
  700587
  708415
  716243
  724070
  731898
  739726
  747554
  755382
  763209
  771037
  778865
  786693
  794521
  802348
  810176
  818004
  825832
  833659
  841487
  849315
  857143
  864971
  872798
  880626
  888454
  896282
  904110
  911937
  919765
  927593
  935421
  943249
  951076
  958904
  966732
  974560
  982387
  990215
  998043
 1005871
 1013699
 1021526
 1029354
 1037182
 1045010
 1052838
 1060665
 1068493
 1076321
 1084149
 1091977
 1099804
 1107632
 1115460
 1123288
 1131115
 1138943
 1146771
 1154599
 1162427
 1170254
 1178082
 1185910
 1193738
 1201566
 1209393
 1217221
 1225049
 1232877
 1240705
 1248532
 1256360
 1264188
 1272016
 1279843
 1287671
 1295499
 1303327
 1311155
 1318982
 1326810
 1334638
 1342466
 1350294
 1358121
 1365949
 1373777
 1381605
 1389432
 1397260
 1405088
 1412916
 1420744
 1428571
 1436399
 1444227
 1452055
 1459883
 1467710
 1475538
 1483366
 1491194
 1499022
 1506849
 1514677
 1522505
 1530333
 1538160
 1545988
 1553816
 1561644
 1569472
 1577299
 1585127
 1592955
 1600783
 1608611
 1616438
 1624266
 1632094
 1639922
 1647750
 1655577
 1663405
 1671233
 1679061
 1686888
 1694716
 1702544
 1710372
 1718200
 1726027
 1733855
 1741683
 1749511
 1757339
 1765166
 1772994
 1780822
 1788650
 1796477
 1804305
 1812133
 1819961
 1827789
 1835616
 1843444
 1851272
 1859100
 1866928
 1874755
 1882583
 1890411
 1898239
 1906067
 1913894
 1921722
 1929550
 1937378
 1945205
 1953033
 1960861
 1968689
 1976517
 1984344
 1992172
 2000000
 2044922
 2089844
 2134766
 2179687
 2224609
 2269531
 2314453
 2359375
 2404297
 2449219
 2494141
 2539062
 2583984
 2628906
 2673828
 2718750
 2763672
 2808594
 2853516
 2898437
 2943359
 2988281
 3033203
 3078125
 3123047
 3167969
 3212891
 3257812
 3302734
 3347656
 3392578
 3437500
 3482422
 3527344
 3572266
 3617187
 3662109
 3707031
 3751953
 3796875
 3841797
 3886719
 3931641
 3976562
 4021484
 4066406
 4111328
 4156250
 4201172
 4246094
 4291016
 4335937
 4380859
 4425781
 4470703
 4515625
 4560547
 4605469
 4650391
 4695312
 4740234
 4785156
 4830078
 4875000
 4919922
 4964844
 5009766
 5054687
 5099609
 5144531
 5189453
 5234375
 5279297
 5324219
 5369141
 5414062
 5458984
 5503906
 5548828
 5593750
 5638672
 5683594
 5728516
 5773437
 5818359
 5863281
 5908203
 5953125
 5998047
 6042969
 6087891
 6132812
 6177734
 6222656
 6267578
 6312500
 6357422
 6402344
 6447266
 6492187
 6537109
 6582031
 6626953
 6671875
 6716797
 6761719
 6806641
 6851562
 6896484
 6941406
 6986328
 7031250
 7076172
 7121094
 7166016
 7210937
 7255859
 7300781
 7345703
 7390625
 7435547
 7480469
 7525391
 7570312
 7615234
 7660156
 7705078
 7750000
 7794922
 7839844
 7884766
 7929687
 7974609
 8019531
 8064453
 8109375
 8154297
 8199219
 8244141
 8289062
 8333984
 8378906
 8423828
 8468750
 8513672
 8558594
 8603516
 8648437
 8693359
 8738281
 8783203
 8828125
 8873047
 8917969
 8962891
 9007812
 9052734
 9097656
 9142578
 9187500
 9232422
 9277344
 9322266
 9367187
 9412109
 9457031
 9501953
 9546875
 9591797
 9636719
 9681641
 9726562
 9771484
 9816406
 9861328
 9906250
 9951172
 9996094
10041016
10085937
10130859
10175781
10220703
10265625
10310547
10355469
10400391
10445312
10490234
10535156
10580078
10625000
10669922
10714844
10759766
10804687
10849609
10894531
10939453
10984375
11029297
11074219
11119141
11164062
11208984
11253906
11298828
11343750
11388672
11433594
11478516
11523437
11568359
11613281
11658203
11703125
11748047
11792969
11837891
11882812
11927734
11972656
12017578
12062500
12107422
12152344
12197266
12242187
12287109
12332031
12376953
12421875
12466797
12511719
12556641
12601562
12646484
12691406
12736328
12781250
12826172
12871094
12916016
12960937
13005859
13050781
13095703
13140625
13185547
13230469
13275391
13320312
13365234
13410156
13455078
13500000
