##TITLE= Parameter file, TOPSPIN		Version 3.2
##JCAMPDX= 5.0
##DATATYPE= Parameter Values
##NPOINTS= 16	$$ modification sequence number
##ORIGIN= Bruker BioSpin GmbH
##OWNER= joesach
$$ 2021-04-21 16:25:38.149 -0500  joesach@B10064556
$$ /home/joesach/data/Ruofan-2021_0421/3/pdata/1/clevels
$$ process /opt/topspin3.2/prog/mod/dataserver
##$LEVELS= (0..255)
-2563664.2 -2136386.8 -1780322.4 -1483602 -1236335 -1030279.1 -858565.9
-715471.6 -596226.4 -496855.3 -414046.1 -345038.4 -287532 -239610 -199675
-166395.8 -138663.2 -115552.7 -96293.9 -80244.9 -66870.8 -55725.6 -46438
-38698.4 -32248.6 -26873.9 -22394.9 -18662.4 -15552 -12960 -10800 -9000
9000 10800 12960 15552 18662.4 22394.9 26873.9 32248.6 38698.4 46438 55725.6
66870.8 80244.9 96293.9 115552.7 138663.2 166395.8 199675 239610 287532
345038.4 414046.1 496855.3 596226.4 715471.6 858565.9 1030279.1 1236335
1483602 1780322.4 2136386.8 2563664.2 0 0 0 0 0 0 0 0 0 0 0 0 0 0 0 0 0
0 0 0 0 0 0 0 0 0 0 0 0 0 0 0 0 0 0 0 0 0 0 0 0 0 0 0 0 0 0 0 0 0 0 0 0
0 0 0 0 0 0 0 0 0 0 0 0 0 0 0 0 0 0 0 0 0 0 0 0 0 0 0 0 0 0 0 0 0 0 0 0
0 0 0 0 0 0 0 0 0 0 0 0 0 0 0 0 0 0 0 0 0 0 0 0 0 0 0 0 0 0 0 0 0 0 0 0
0 0 0 0 0 0 0 0 0 0 0 0 0 0 0 0 0 0 0 0 0 0 0 0 0 0 0 0 0 0 0 0 0 0 0 0
0 0 0 0 0 0 0 0 0 0 0 0 0 0 0 0 0 0 0 0 0 0 0 0 0 0 0 0 0 0 0
##$LEVSIGN= 3
##$MAXLEV= 40
##$METHOD= 0
##$NEGBASE= -9000
##$NEGINCR= 1.2
##$POSBASE= 9000
##$POSINCR= 1.2
##END=
