##TITLE= Parameter file, TOPSPIN		Version 3.2
##JCAMPDX= 5.0
##DATATYPE= Parameter Values
##NPOINTS= 56	$$ modification sequence number
##ORIGIN= Bruker BioSpin GmbH
##OWNER= sosnick
$$ 2021-08-20 10:36:28.471 -0500  sosnick@B10064557
$$ /opt/data/Sosnick/Julia/Julia-2021_0819/13/pdata/1/clevels
$$ process /opt/topspin3.2/prog/mod/dataserver
##$LEVELS= (0..255)
-8545547.3 -7121289.4 -5934407.8 -4945339.9 -4121116.6 -3434263.8 -2861886.5
-2384905.4 -1987421.2 -1656184.3 -1380153.6 -1150128 -958440 -798700 -665583.3
-554652.8 -462210.6 -385175.5 -320979.6 -267483 -222902.5 -185752.1 -154793.4
-128994.5 -107495.4 -89579.5 -74649.6 -62208 -51840 -43200 -36000 -30000
30000 36000 43200 51840 62208 74649.6 89579.5 107495.4 128994.5 154793.4
185752.1 222902.5 267483 320979.6 385175.5 462210.6 554652.8 665583.3 798700
958440 1150128 1380153.6 1656184.3 1987421.2 2384905.4 2861886.5 3434263.8
4121116.6 4945339.9 5934407.8 7121289.4 8545547.3 0 0 0 0 0 0 0 0 0 0 0
0 0 0 0 0 0 0 0 0 0 0 0 0 0 0 0 0 0 0 0 0 0 0 0 0 0 0 0 0 0 0 0 0 0 0 0
0 0 0 0 0 0 0 0 0 0 0 0 0 0 0 0 0 0 0 0 0 0 0 0 0 0 0 0 0 0 0 0 0 0 0 0
0 0 0 0 0 0 0 0 0 0 0 0 0 0 0 0 0 0 0 0 0 0 0 0 0 0 0 0 0 0 0 0 0 0 0 0
0 0 0 0 0 0 0 0 0 0 0 0 0 0 0 0 0 0 0 0 0 0 0 0 0 0 0 0 0 0 0 0 0 0 0 0
0 0 0 0 0 0 0 0 0 0 0 0 0 0 0 0 0 0 0 0 0 0 0 0 0 0 0 0 0 0 0 0 0 0 0 0
0
##$LEVSIGN= 3
##$MAXLEV= 40
##$METHOD= 0
##$NEGBASE= -30000
##$NEGINCR= 1.2
##$POSBASE= 30000
##$POSINCR= 1.2
##END=
