##TITLE= Parameter file, TOPSPIN		Version 3.2
##JCAMPDX= 5.0
##DATATYPE= Parameter Values
##NPOINTS= 48	$$ modification sequence number
##ORIGIN= Bruker BioSpin GmbH
##OWNER= sosnick
$$ 2021-08-19 18:46:19.258 -0500  sosnick@B10064557
$$ /opt/data/Sosnick/Julia/Julia-2021_0819/2/pdata/1/clevels
$$ process /opt/topspin3.2/prog/mod/dataserver
##$LEVELS= (0..255)
-60301569 -50251307.5 -41876089.6 -34896741.3 -29080617.8 -24233848.2 -20194873.5
-16829061.2 -14024217.7 -11686848.1 -9739040.1 -8115866.7 -6763222.3 -5636018.6
-4696682.1 -3913901.8 -3261584.8 -2717987.3 -2264989.5 -1887491.2 -1572909.3
-1310757.8 -1092298.2 -910248.5 -758540.4 -632117 -526764.2 -438970.1 -365808.4
-304840.4 -254033.6 -211694.7 211694.7 254033.6 304840.4 365808.4 438970.1
526764.2 632117 758540.4 910248.5 1092298.2 1310757.8 1572909.3 1887491.2
2264989.5 2717987.3 3261584.8 3913901.8 4696682.1 5636018.6 6763222.3 8115866.7
9739040.1 11686848.1 14024217.7 16829061.2 20194873.5 24233848.2 29080617.8
34896741.3 41876089.6 50251307.5 60301569 0 0 0 0 0 0 0 0 0 0 0 0 0 0 0
0 0 0 0 0 0 0 0 0 0 0 0 0 0 0 0 0 0 0 0 0 0 0 0 0 0 0 0 0 0 0 0 0 0 0 0
0 0 0 0 0 0 0 0 0 0 0 0 0 0 0 0 0 0 0 0 0 0 0 0 0 0 0 0 0 0 0 0 0 0 0 0
0 0 0 0 0 0 0 0 0 0 0 0 0 0 0 0 0 0 0 0 0 0 0 0 0 0 0 0 0 0 0 0 0 0 0 0
0 0 0 0 0 0 0 0 0 0 0 0 0 0 0 0 0 0 0 0 0 0 0 0 0 0 0 0 0 0 0 0 0 0 0 0
0 0 0 0 0 0 0 0 0 0 0 0 0 0 0 0 0 0 0 0 0 0 0 0 0 0 0 0 0 0 0 0 0
##$LEVSIGN= 3
##$MAXLEV= 40
##$METHOD= 0
##$NEGBASE= -211694.7
##$NEGINCR= 1.2
##$POSBASE= 211694.7
##$POSINCR= 1.2
##END=
