##TITLE= Parameter file, TOPSPIN		Version 3.2
##JCAMPDX= 5.0
##DATATYPE= Parameter Values
##NPOINTS= 16	$$ modification sequence number
##ORIGIN= Bruker BioSpin GmbH
##OWNER= joesach
$$ 2021-03-12 14:07:41.834 -0600  joesach@B10064556
$$ /home/joesach/data/Ruofan-2021_0312/2/pdata/1/clevels
$$ process /opt/topspin3.2/prog/mod/dataserver
##$LEVELS= (0..255)
-3190793.4 -2658994.5 -2215828.8 -1846524 -1538770 -1282308.3 -1068590.3
-890491.9 -742076.6 -618397.1 -515331 -429442.5 -357868.7 -298223.9 -248519.9
-207100 -172583.3 -143819.4 -119849.5 -99874.6 -83228.8 -69357.4 -57797.8
-48164.8 -40137.4 -33447.8 -27873.2 -23227.6 -19356.4 -16130.3 -13441.9
-11201.6 11201.6 13441.9 16130.3 19356.4 23227.6 27873.2 33447.8 40137.4
48164.8 57797.8 69357.4 83228.8 99874.6 119849.5 143819.4 172583.3 207100
248519.9 298223.9 357868.7 429442.5 515331 618397.1 742076.6 890491.9 1068590.3
1282308.3 1538770 1846524 2215828.8 2658994.5 3190793.4 0 0 0 0 0 0 0 0
0 0 0 0 0 0 0 0 0 0 0 0 0 0 0 0 0 0 0 0 0 0 0 0 0 0 0 0 0 0 0 0 0 0 0 0
0 0 0 0 0 0 0 0 0 0 0 0 0 0 0 0 0 0 0 0 0 0 0 0 0 0 0 0 0 0 0 0 0 0 0 0
0 0 0 0 0 0 0 0 0 0 0 0 0 0 0 0 0 0 0 0 0 0 0 0 0 0 0 0 0 0 0 0 0 0 0 0
0 0 0 0 0 0 0 0 0 0 0 0 0 0 0 0 0 0 0 0 0 0 0 0 0 0 0 0 0 0 0 0 0 0 0 0
0 0 0 0 0 0 0 0 0 0 0 0 0 0 0 0 0 0 0 0 0 0 0 0 0 0 0 0 0 0 0 0 0 0 0 0
0 0 0 0
##$LEVSIGN= 3
##$MAXLEV= 40
##$METHOD= 0
##$NEGBASE= -11201.6
##$NEGINCR= 1.2
##$POSBASE= 11201.6
##$POSINCR= 1.2
##END=
