### DATA:

         Q               I              Error
1249
4.60056169E-03 6.08539302E-05 1.34081032E-05
4.88809666E-03 6.46287785E-05 6.64139791E-06
5.17563161E-03 5.50156997E-05 4.14089766E-06
5.46316653E-03 6.16642578E-05 2.62200863E-06
5.75070142E-03 6.42797981E-05 1.85308555E-06
6.03823629E-03 6.40396449E-05 1.66624389E-06
6.32577112E-03 6.58915828E-05 1.38162432E-06
6.61330592E-03 6.45226555E-05 1.28726821E-06
6.90084069E-03 6.48596844E-05 1.08637900E-06
7.18837542E-03 6.48291291E-05 1.03947087E-06
7.47591012E-03 6.41013536E-05 9.45094801E-07
7.76344478E-03 6.50004034E-05 8.97741960E-07
8.05097940E-03 6.61676797E-05 8.57651947E-07
8.33851398E-03 6.45299600E-05 8.08122119E-07
8.62604852E-03 6.40961562E-05 7.82931858E-07
8.91358301E-03 6.42594331E-05 7.33913054E-07
9.20111746E-03 6.25078016E-05 7.21221822E-07
9.48865187E-03 6.46398235E-05 7.04908210E-07
9.77618622E-03 6.27757135E-05 6.73805715E-07
1.00637205E-02 6.46071628E-05 6.76544366E-07
1.03512548E-02 6.42015306E-05 6.30183645E-07
1.06387890E-02 6.44283207E-05 6.33919670E-07
1.09263231E-02 6.29253452E-05 6.13662818E-07
1.12138572E-02 6.35458157E-05 6.06493768E-07
1.15013913E-02 6.24356310E-05 6.22827125E-07
1.17889253E-02 6.18597423E-05 6.11233047E-07
1.20764592E-02 6.29638468E-05 6.30879104E-07
1.23639930E-02 6.28095652E-05 6.13963912E-07
1.26515268E-02 6.11151780E-05 6.17523884E-07
1.29390606E-02 6.13471750E-05 6.02760644E-07
1.32265942E-02 6.23263951E-05 6.00733842E-07
1.35141278E-02 6.09018542E-05 6.02554115E-07
1.38016614E-02 5.99753458E-05 5.79156580E-07
1.40891949E-02 6.18985378E-05 5.88123553E-07
1.43767282E-02 5.95952136E-05 5.90229263E-07
1.46642616E-02 5.85635732E-05 5.70606164E-07
1.49517948E-02 5.97036611E-05 5.90215600E-07
1.52393280E-02 5.97568003E-05 6.08947532E-07
1.55268611E-02 5.91271152E-05 6.06338455E-07
1.58143941E-02 5.82820578E-05 6.13937971E-07
1.61019271E-02 5.94419625E-05 6.10868628E-07
1.63894599E-02 5.84341194E-05 5.70676320E-07
1.66769927E-02 5.82598976E-05 5.49788664E-07
1.69645254E-02 5.87887776E-05 5.61304284E-07
1.72520580E-02 5.80092829E-05 5.50359247E-07
1.75395905E-02 5.77961904E-05 5.51053229E-07
1.78271229E-02 5.77016314E-05 5.32087388E-07
1.81146553E-02 5.71711718E-05 5.38042743E-07
1.84021875E-02 5.68241684E-05 5.43061543E-07
1.86897197E-02 5.70379117E-05 5.20482424E-07
1.89772518E-02 5.62068434E-05 5.16253083E-07
1.92647837E-02 5.58568856E-05 5.15221493E-07
1.95523156E-02 5.58109145E-05 5.05768842E-07
1.98398474E-02 5.49585902E-05 4.87096314E-07
2.01273790E-02 5.48909435E-05 4.69988713E-07
2.04149106E-02 5.45524948E-05 4.88175645E-07
2.07024421E-02 5.47743667E-05 4.76377612E-07
2.09899735E-02 5.45667584E-05 4.71659708E-07
2.12775047E-02 5.30285949E-05 4.65452878E-07
2.15650359E-02 5.31231385E-05 4.53909506E-07
2.18525669E-02 5.26120901E-05 4.61857027E-07
2.21400979E-02 5.27873157E-05 4.55120680E-07
2.24276287E-02 5.28006506E-05 4.56324032E-07
2.27151594E-02 5.14934679E-05 4.47767491E-07
2.30026900E-02 5.12436011E-05 4.45443406E-07
2.32902205E-02 5.10597544E-05 4.46442364E-07
2.35777508E-02 5.18283309E-05 4.38595896E-07
2.38652811E-02 5.15263743E-05 4.37456667E-07
2.41528112E-02 5.00268526E-05 4.40957371E-07
2.44403412E-02 4.99044105E-05 4.35933127E-07
2.47278711E-02 4.88176315E-05 4.33012116E-07
2.50154008E-02 4.89035018E-05 4.22419934E-07
2.53029305E-02 4.96835334E-05 4.26193810E-07
2.55904600E-02 4.91870310E-05 4.22645512E-07
2.58779894E-02 4.79400721E-05 4.29096255E-07
2.61655186E-02 4.79562713E-05 4.24912786E-07
2.64530477E-02 4.71927877E-05 4.08658447E-07
2.67405767E-02 4.68963757E-05 4.20180720E-07
2.70281055E-02 4.75954908E-05 4.11091539E-07
2.73156342E-02 4.69771499E-05 4.10643153E-07
2.76031628E-02 4.54692765E-05 4.14558587E-07
2.78906913E-02 4.49338849E-05 4.05777553E-07
2.81782195E-02 4.62669414E-05 4.12346165E-07
2.84657477E-02 4.45490374E-05 3.98595416E-07
2.87532757E-02 4.44515552E-05 4.01657898E-07
2.90408036E-02 4.44280098E-05 4.00264931E-07
2.93283313E-02 4.38489550E-05 3.99738202E-07
2.96158589E-02 4.39977120E-05 4.04508926E-07
2.99033863E-02 4.32496031E-05 3.87647817E-07
3.01909135E-02 4.20972548E-05 3.99094543E-07
3.04784407E-02 4.30349592E-05 3.92582278E-07
3.07659676E-02 4.24971623E-05 3.88143473E-07
3.10534944E-02 4.25280676E-05 3.91741562E-07
3.13410211E-02 4.16014810E-05 3.86370999E-07
3.16285476E-02 4.15627545E-05 3.88298812E-07
3.19160739E-02 4.11940493E-05 3.79817452E-07
3.22036001E-02 4.06620051E-05 3.79398430E-07
3.24911261E-02 4.02980784E-05 3.77304136E-07
3.27786520E-02 3.98839742E-05 3.84276625E-07
3.30661777E-02 3.96778839E-05 3.81450132E-07
3.33537032E-02 3.93446062E-05 3.72403317E-07
3.36412285E-02 3.89753907E-05 3.70791761E-07
3.39287537E-02 3.89530723E-05 3.70455354E-07
3.42162787E-02 3.83228537E-05 3.70593910E-07
3.45038036E-02 3.78324598E-05 3.73591180E-07
3.47913282E-02 3.76212793E-05 3.61778948E-07
3.50788527E-02 3.73202182E-05 3.63172151E-07
3.53663771E-02 3.72511768E-05 3.65739979E-07
3.56539012E-02 3.67895901E-05 3.65330891E-07
3.59414251E-02 3.62881969E-05 3.60576010E-07
3.62289489E-02 3.58405695E-05 3.57238262E-07
3.65164725E-02 3.56948284E-05 3.65238138E-07
3.68039959E-02 3.47403582E-05 3.58202496E-07
3.70915192E-02 3.47844676E-05 3.55273353E-07
3.73790422E-02 3.49654145E-05 3.41390041E-07
3.76665651E-02 3.44366996E-05 3.49760692E-07
3.79540877E-02 3.39953528E-05 3.50767151E-07
3.82416102E-02 3.38819090E-05 3.43574788E-07
3.85291325E-02 3.36928592E-05 3.44341383E-07
3.88166546E-02 3.32475075E-05 3.45842982E-07
3.91041764E-02 3.27852539E-05 3.47098945E-07
3.93916981E-02 3.27899671E-05 3.49028494E-07
3.96792196E-02 3.24024265E-05 3.38491784E-07
3.99667409E-02 3.18726422E-05 3.47417309E-07
4.02542620E-02 3.15190337E-05 3.38636496E-07
4.05417829E-02 3.10012587E-05 3.44443197E-07
4.08293036E-02 3.18055238E-05 3.37461057E-07
4.11168241E-02 3.08202758E-05 3.33774193E-07
4.14043444E-02 3.06837381E-05 3.40474934E-07
4.16918644E-02 3.01192542E-05 3.34410067E-07
4.19793843E-02 3.03219160E-05 3.35994789E-07
4.22669039E-02 2.98263785E-05 3.28490240E-07
4.25544234E-02 2.94819123E-05 3.32756365E-07
4.28419426E-02 2.92573545E-05 3.34872067E-07
4.31294616E-02 2.88018171E-05 3.28951700E-07
4.34169804E-02 2.84000333E-05 3.28087201E-07
4.37044990E-02 2.81670733E-05 3.26360645E-07
4.39920173E-02 2.75202891E-05 3.23130830E-07
4.42795354E-02 2.76968930E-05 3.14893596E-07
4.45670534E-02 2.68695460E-05 3.20879627E-07
4.48545710E-02 2.69846391E-05 3.32407262E-07
4.51420885E-02 2.67201091E-05 3.32850870E-07
4.54296057E-02 2.63825256E-05 3.37875498E-07
4.57171227E-02 2.65399745E-05 3.36696868E-07
4.60046395E-02 2.63308767E-05 3.39667148E-07
4.62921560E-02 2.52683006E-05 3.42005371E-07
4.65796723E-02 2.56172270E-05 3.44573453E-07
4.68671884E-02 2.53612637E-05 3.46428711E-07
4.71547042E-02 2.53611281E-05 3.39295491E-07
4.74422198E-02 2.50918106E-05 3.49073506E-07
4.77297352E-02 2.46885060E-05 3.47335228E-07
4.80172503E-02 2.46266647E-05 3.46397763E-07
4.83047652E-02 2.39505676E-05 3.40929441E-07
4.85922798E-02 2.36497029E-05 3.41290737E-07
4.88797942E-02 2.36566927E-05 3.47889165E-07
4.91673084E-02 2.27378840E-05 3.44931044E-07
4.94548223E-02 2.23714542E-05 3.45677732E-07
4.97423359E-02 2.28951319E-05 3.44723304E-07
5.00298493E-02 2.25279304E-05 3.39086185E-07
5.03173625E-02 2.23914207E-05 3.45051466E-07
5.06048754E-02 2.15472169E-05 3.37765902E-07
5.08923880E-02 2.15082296E-05 3.41691195E-07
5.11799004E-02 2.14085656E-05 3.44483044E-07
5.14674125E-02 2.17153541E-05 3.38503808E-07
5.17549244E-02 2.09858491E-05 3.46576348E-07
5.20424360E-02 2.04059742E-05 3.34181878E-07
5.23299474E-02 2.13224148E-05 3.44483273E-07
5.26174584E-02 2.05683845E-05 3.37708459E-07
5.29049693E-02 2.02121126E-05 3.40176799E-07
5.31924798E-02 2.00754594E-05 3.42266880E-07
5.34799901E-02 1.97229616E-05 3.32511487E-07
5.37675001E-02 1.94681051E-05 3.41004200E-07
5.40550099E-02 1.93666561E-05 3.35334755E-07
5.43425193E-02 1.88438297E-05 3.33596721E-07
5.46300285E-02 1.89231626E-05 3.37620274E-07
5.49175375E-02 1.88328310E-05 3.23857053E-07
5.52050461E-02 1.83101394E-05 3.33496753E-07
5.54925545E-02 1.87365311E-05 3.23283157E-07
5.57800626E-02 1.78072763E-05 3.32138893E-07
5.60675704E-02 1.74037918E-05 3.33365298E-07
5.63550779E-02 1.74750581E-05 3.31221859E-07
5.66425852E-02 1.68961135E-05 3.33622282E-07
5.69300921E-02 1.71337047E-05 3.26657564E-07
5.72175988E-02 1.64242957E-05 3.30377280E-07
5.75051052E-02 1.64936576E-05 3.30610682E-07
5.77926113E-02 1.71744266E-05 3.27499899E-07
5.80801171E-02 1.59872999E-05 3.30350166E-07
5.83676226E-02 1.69826895E-05 3.23544978E-07
5.86551278E-02 1.64328064E-05 3.29164062E-07
5.89426328E-02 1.59703831E-05 3.25604183E-07
5.92301374E-02 1.57026799E-05 3.23544442E-07
5.95176417E-02 1.58282150E-05 3.29164091E-07
5.98051458E-02 1.57489984E-05 3.22259880E-07
6.00926495E-02 1.55937550E-05 3.30082802E-07
6.03801529E-02 1.49946408E-05 3.21323154E-07
6.06676561E-02 1.51845090E-05 3.23068062E-07
6.09551589E-02 1.47511855E-05 3.22669467E-07
6.12426614E-02 1.41727683E-05 3.23600323E-07
6.15301636E-02 1.49518653E-05 3.26947980E-07
6.18176655E-02 1.44963787E-05 3.17535867E-07
6.21051671E-02 1.40888221E-05 3.22529741E-07
6.23926684E-02 1.45197194E-05 3.22958996E-07
6.26801693E-02 1.36768204E-05 3.21191134E-07
6.29676700E-02 1.33574724E-05 3.20537639E-07
6.32551703E-02 1.34291110E-05 3.19423837E-07
6.35426703E-02 1.36203066E-05 3.19703913E-07
6.38301700E-02 1.27864989E-05 3.17707020E-07
6.41176694E-02 1.32157950E-05 3.19534688E-07
6.44051684E-02 1.29789529E-05 3.16804431E-07
6.46926671E-02 1.25318382E-05 3.17271060E-07
6.49801655E-02 1.22739897E-05 3.20033528E-07
6.52676636E-02 1.26148325E-05 3.11501954E-07
6.55551614E-02 1.23076383E-05 3.19447588E-07
6.58426588E-02 1.22902675E-05 3.15529499E-07
6.61301559E-02 1.23156002E-05 3.17205095E-07
6.64176526E-02 1.16752247E-05 3.15788890E-07
6.67051490E-02 1.20283664E-05 3.11657100E-07
6.69926451E-02 1.14663957E-05 3.14877819E-07
6.72801409E-02 1.19699918E-05 3.12437655E-07
6.75676363E-02 1.13540447E-05 3.14196431E-07
6.78551313E-02 1.10360310E-05 3.11445606E-07
6.81426261E-02 1.11444180E-05 3.07601390E-07
6.84301204E-02 1.12046641E-05 3.14712282E-07
6.87176145E-02 1.07843956E-05 3.10077234E-07
6.90051082E-02 1.00637352E-05 3.08712086E-07
6.92926015E-02 1.07335592E-05 3.11069348E-07
6.95800945E-02 1.06352759E-05 3.07833941E-07
6.98675872E-02 1.03660673E-05 3.09745739E-07
7.01550794E-02 1.05057216E-05 3.03554017E-07
7.04425714E-02 1.04709489E-05 3.11125976E-07
7.07300630E-02 9.75790425E-06 3.09221385E-07
7.10175542E-02 9.48474601E-06 3.07648289E-07
7.13050451E-02 9.80044110E-06 3.08495897E-07
7.15925356E-02 9.96866580E-06 3.03930910E-07
7.18800258E-02 9.50140731E-06 3.07758131E-07
7.21675156E-02 9.58285502E-06 3.11977277E-07
7.24550050E-02 9.46352324E-06 3.14601536E-07
7.27424941E-02 9.09696059E-06 3.14847123E-07
7.30299828E-02 9.39165662E-06 3.20419806E-07
7.33174711E-02 9.35604936E-06 3.27570860E-07
7.36049591E-02 9.16104784E-06 3.31533125E-07
7.38924467E-02 8.80550042E-06 3.30673016E-07
7.41799339E-02 8.80614202E-06 3.33746557E-07
7.44674207E-02 8.78523710E-06 3.32561368E-07
7.47549072E-02 8.53243346E-06 3.35253704E-07
7.50423933E-02 8.33069173E-06 3.29914641E-07
7.53298790E-02 8.88461057E-06 3.34502805E-07
7.56173644E-02 8.30310070E-06 3.38478119E-07
7.59048494E-02 7.51660565E-06 3.39815246E-07
7.61923339E-02 8.10755151E-06 3.36367135E-07
7.64798181E-02 7.72385006E-06 3.37456787E-07
7.67673020E-02 7.90920800E-06 3.43413366E-07
7.70547854E-02 8.18940014E-06 3.36173195E-07
7.73422684E-02 7.66042711E-06 3.28236652E-07
7.76297511E-02 8.19320872E-06 3.15264049E-07
7.79172333E-02 8.00126449E-06 3.15183918E-07
7.82047152E-02 7.33098470E-06 3.18998634E-07
7.84921967E-02 7.38141815E-06 3.07317912E-07
7.87796778E-02 7.51147145E-06 3.07695394E-07
7.90671585E-02 6.94580978E-06 3.06906253E-07
7.93546387E-02 7.22299117E-06 3.07758105E-07
7.96421186E-02 7.23870312E-06 3.07870101E-07
7.99295981E-02 7.29491255E-06 3.01130719E-07
8.02170772E-02 7.34970222E-06 3.03696306E-07
8.05045559E-02 7.12150936E-06 3.02110088E-07
8.07920342E-02 7.74598097E-06 3.05773824E-07
8.10795121E-02 6.73871143E-06 2.99204588E-07
8.13669895E-02 7.32980197E-06 3.02011415E-07
8.16544666E-02 6.68184932E-06 3.04185604E-07
8.19419432E-02 6.46592733E-06 3.01249941E-07
8.22294195E-02 6.65697289E-06 2.99742892E-07
8.25168953E-02 6.32885490E-06 2.98262207E-07
8.28043707E-02 6.56170759E-06 3.00956720E-07
8.30918457E-02 6.60140640E-06 3.02021702E-07
8.33793202E-02 6.47981125E-06 2.97410105E-07
8.36667944E-02 5.89356450E-06 2.98979044E-07
8.39542681E-02 6.98945086E-06 2.94021709E-07
8.42417414E-02 5.67715559E-06 2.96428288E-07
8.45292143E-02 5.88877012E-06 2.98547027E-07
8.48166868E-02 6.07513242E-06 2.94574470E-07
8.51041588E-02 5.63276811E-06 2.97594566E-07
8.53916304E-02 5.62176592E-06 2.94235813E-07
8.56791016E-02 5.43081071E-06 2.94855212E-07
8.59665723E-02 5.70461846E-06 2.93323328E-07
8.62540427E-02 5.65449870E-06 2.93191311E-07
8.65415125E-02 5.58256719E-06 2.93902390E-07
8.68289820E-02 5.17168707E-06 2.91539703E-07
8.71164510E-02 5.27448850E-06 2.93291376E-07
8.74039196E-02 5.53675156E-06 2.89014872E-07
8.76913877E-02 5.09952225E-06 2.90642090E-07
8.79788554E-02 5.22238544E-06 2.92409926E-07
8.82663226E-02 5.83976116E-06 2.91596016E-07
8.85537894E-02 5.74983902E-06 2.89391751E-07
8.88412558E-02 5.76298584E-06 2.86875325E-07
8.91287217E-02 4.86251471E-06 2.90052043E-07
8.94161872E-02 4.77467065E-06 2.90738567E-07
8.97036522E-02 5.19525721E-06 2.84265755E-07
8.99911167E-02 4.93039375E-06 2.82538176E-07
9.02785809E-02 4.81732810E-06 2.83324728E-07
9.05660445E-02 4.76263518E-06 2.82937878E-07
9.08535077E-02 5.14704949E-06 2.79690334E-07
9.11409705E-02 4.93570652E-06 2.82490119E-07
9.14284327E-02 5.08804428E-06 2.86889907E-07
9.17158946E-02 4.03834746E-06 2.82785120E-07
9.20033559E-02 4.83760123E-06 2.85171579E-07
9.22908168E-02 4.46691132E-06 2.80089510E-07
9.25782773E-02 4.40153768E-06 2.82282449E-07
9.28657372E-02 4.40379709E-06 2.84184022E-07
9.31531967E-02 4.52089473E-06 2.82729526E-07
9.34406558E-02 4.40953475E-06 2.82456005E-07
9.37281144E-02 4.89734572E-06 2.77060484E-07
9.40155725E-02 4.51751227E-06 2.83046863E-07
9.43030301E-02 4.48896476E-06 2.80323081E-07
9.45904872E-02 4.14285475E-06 2.78518476E-07
9.48779439E-02 4.53875342E-06 2.80217846E-07
9.51654001E-02 4.35004967E-06 2.78188218E-07
9.54528558E-02 3.87843149E-06 2.82021052E-07
9.57403111E-02 3.86878761E-06 2.77236282E-07
9.60277658E-02 4.50411273E-06 2.78869603E-07
9.63152201E-02 4.19188760E-06 2.76055897E-07
9.66026739E-02 3.70597459E-06 2.77683783E-07
9.68901272E-02 4.12514574E-06 2.78656340E-07
9.71775800E-02 3.91922720E-06 2.75407611E-07
9.74650323E-02 3.85517971E-06 2.78495679E-07
9.77524842E-02 4.02383366E-06 2.76988288E-07
9.80399355E-02 4.18930086E-06 2.75396369E-07
9.83273864E-02 3.90910102E-06 2.75449254E-07
9.86148367E-02 3.51568292E-06 2.75126079E-07
9.89022866E-02 3.59264082E-06 2.76263624E-07
9.91897360E-02 3.58241356E-06 2.74186223E-07
9.94771848E-02 3.90073502E-06 2.74318982E-07
9.97646332E-02 4.42373638E-06 2.73739906E-07
1.00052081E-01 3.53593010E-06 2.73295549E-07
1.00339528E-01 3.95833968E-06 2.76252877E-07
1.00626975E-01 3.65948605E-06 2.71756440E-07
1.00914422E-01 3.62789318E-06 2.75534604E-07
1.01201867E-01 3.64693607E-06 2.73766781E-07
1.01489313E-01 3.15497208E-06 2.70844033E-07
1.01776758E-01 3.30632281E-06 2.72600549E-07
1.02064202E-01 3.66275594E-06 2.72635359E-07
1.02351646E-01 3.58046023E-06 2.73623382E-07
1.02639089E-01 3.59193239E-06 2.73565368E-07
1.02926532E-01 3.38950500E-06 2.71996819E-07
1.03213974E-01 3.26820930E-06 2.69944382E-07
1.03501416E-01 3.32925196E-06 2.70362437E-07
1.03788857E-01 3.47158638E-06 2.71633890E-07
1.04076298E-01 3.13172503E-06 2.70900235E-07
1.04363738E-01 3.23216740E-06 2.69186991E-07
1.04651178E-01 3.17894797E-06 2.72031759E-07
1.04938617E-01 3.76150406E-06 2.66228535E-07
1.05226055E-01 3.03022828E-06 2.64822957E-07
1.05513493E-01 3.34687491E-06 2.62107150E-07
1.05800931E-01 3.08990429E-06 2.64967919E-07
1.06088368E-01 2.92871738E-06 2.64817225E-07
1.06375804E-01 3.32989094E-06 2.67779214E-07
1.06663240E-01 2.90135242E-06 2.64610555E-07
1.06950676E-01 3.34318242E-06 2.65609508E-07
1.07238110E-01 3.08442647E-06 2.64889041E-07
1.07525545E-01 2.55659768E-06 2.59795886E-07
1.07812979E-01 3.04982361E-06 2.60733829E-07
1.08100412E-01 2.77253120E-06 2.60332846E-07
1.08387845E-01 3.06987319E-06 2.62569135E-07
1.08675277E-01 3.24743309E-06 2.63901688E-07
1.08962708E-01 2.53171174E-06 2.60470778E-07
1.09250139E-01 2.88227913E-06 2.60737425E-07
1.09537570E-01 2.00322619E-06 2.59748957E-07
1.09825000E-01 2.35466821E-06 2.61988125E-07
1.10112429E-01 2.88387547E-06 2.62620810E-07
1.10399858E-01 2.92075241E-06 2.57724740E-07
1.10687286E-01 2.92455953E-06 2.62304937E-07
1.10974714E-01 2.59185384E-06 2.60402474E-07
1.11262141E-01 2.97147279E-06 2.60656358E-07
1.11549568E-01 2.60821799E-06 2.62088055E-07
1.11836994E-01 2.87529212E-06 2.59196038E-07
1.12124419E-01 2.88401471E-06 2.60785842E-07
1.12411844E-01 3.17345975E-06 2.57475655E-07
1.12699269E-01 2.61959863E-06 2.59579467E-07
1.12986693E-01 2.65644871E-06 2.61031850E-07
1.13274116E-01 3.32683298E-06 2.60225055E-07
1.13561538E-01 2.62240371E-06 2.60268465E-07
1.13848960E-01 2.61963346E-06 2.57362539E-07
1.14136382E-01 2.67705743E-06 2.55557579E-07
1.14423803E-01 2.73707207E-06 2.59203977E-07
1.14711223E-01 2.07186330E-06 2.59382327E-07
1.14998643E-01 2.90181478E-06 2.58735534E-07
1.15286062E-01 2.52923805E-06 2.55789327E-07
1.15573481E-01 2.46388976E-06 2.58667842E-07
1.15860899E-01 2.30077779E-06 2.58440476E-07
1.16148317E-01 2.72621596E-06 2.58157058E-07
1.16435733E-01 2.29154096E-06 2.58058957E-07
1.16723150E-01 2.33666344E-06 2.57209614E-07
1.17010565E-01 2.81257004E-06 2.58868020E-07
1.17297981E-01 2.09878178E-06 2.55844626E-07
1.17585395E-01 2.02658099E-06 2.55253409E-07
1.17872809E-01 2.71508731E-06 2.55466820E-07
1.18160222E-01 2.05918624E-06 2.57659009E-07
1.18447635E-01 2.28719291E-06 2.57752097E-07
1.18735047E-01 2.61697968E-06 2.54952656E-07
1.19022459E-01 2.56718561E-06 2.53386168E-07
1.19309870E-01 1.90131472E-06 2.52944332E-07
1.19597280E-01 2.35453774E-06 2.56004226E-07
1.19884690E-01 2.05591617E-06 2.54950574E-07
1.20172099E-01 2.37716606E-06 2.53371040E-07
1.20459508E-01 2.08791622E-06 2.56546993E-07
1.20746916E-01 2.55463603E-06 2.51847405E-07
1.21034323E-01 1.79697367E-06 2.54710187E-07
1.21321730E-01 2.54235493E-06 2.51359258E-07
1.21609136E-01 2.23651444E-06 2.54587593E-07
1.21896541E-01 2.37665021E-06 2.53247446E-07
1.22183946E-01 2.17626702E-06 2.53115140E-07
1.22471351E-01 1.60487691E-06 2.51852320E-07
1.22758754E-01 1.90305067E-06 2.50303298E-07
1.23046157E-01 2.34338548E-06 2.52606494E-07
1.23333560E-01 2.12138233E-06 2.51656497E-07
1.23620962E-01 1.78739635E-06 2.50269691E-07
1.23908363E-01 2.43095770E-06 2.52075027E-07
1.24195763E-01 1.74446207E-06 2.48730243E-07
1.24483163E-01 1.83168730E-06 2.51325226E-07
1.24770563E-01 2.27391600E-06 2.53384790E-07
1.25057961E-01 1.82926235E-06 2.59696874E-07
1.25345360E-01 1.71744993E-06 2.64845719E-07
1.25632757E-01 1.70587824E-06 2.63208670E-07
1.25920154E-01 1.98390413E-06 2.68390667E-07
1.26207550E-01 2.21379523E-06 2.65918728E-07
1.26494946E-01 2.44114664E-06 2.70381036E-07
1.26782340E-01 2.00848083E-06 2.75129269E-07
1.27069735E-01 1.77115918E-06 2.62719458E-07
1.27357128E-01 2.13711606E-06 2.62912373E-07
1.27644521E-01 2.41175307E-06 2.58399699E-07
1.27931914E-01 1.91062444E-06 2.63148027E-07
1.28219305E-01 1.66138374E-06 2.61134552E-07
1.28506696E-01 2.16299108E-06 2.58014400E-07
1.28794087E-01 2.02002913E-06 2.57307179E-07
1.29081477E-01 1.52039439E-06 2.55617817E-07
1.29368866E-01 1.83798968E-06 2.57197184E-07
1.29656254E-01 2.39545486E-06 2.56388900E-07
1.29943642E-01 1.86054036E-06 2.53215112E-07
1.30231029E-01 1.63309965E-06 2.57277682E-07
1.30518416E-01 1.81907323E-06 2.52336656E-07
1.30805802E-01 1.97963915E-06 2.54947132E-07
1.31093187E-01 1.80666951E-06 2.52191734E-07
1.31380571E-01 2.00509186E-06 2.52229823E-07
1.31667955E-01 1.93468415E-06 2.54103567E-07
1.31955338E-01 1.88974890E-06 2.49797593E-07
1.32242721E-01 2.01573462E-06 2.51289783E-07
1.32530103E-01 1.97444750E-06 2.50397686E-07
1.32817484E-01 1.61016971E-06 2.50609589E-07
1.33104865E-01 1.88539474E-06 2.56053907E-07
1.33392245E-01 1.52830267E-06 2.58303446E-07
1.33679624E-01 1.48755743E-06 2.61752362E-07
1.33967002E-01 1.97279941E-06 2.63797780E-07
1.34254380E-01 1.64376521E-06 2.67922437E-07
1.34541757E-01 1.61237224E-06 2.63849313E-07
1.34829134E-01 1.46847743E-06 2.64949352E-07
1.35116510E-01 1.40099929E-06 2.67527350E-07
1.35403885E-01 1.60095530E-06 2.65821430E-07
1.35691259E-01 1.75089600E-06 2.69435480E-07
1.35978633E-01 2.11629987E-06 2.66873360E-07
1.36266006E-01 1.85577960E-06 2.69127942E-07
1.36553379E-01 1.56766224E-06 2.70323991E-07
1.36840751E-01 1.14139738E-06 2.69953907E-07
1.37128122E-01 1.31680847E-06 2.68923495E-07
1.37415492E-01 1.50098160E-06 2.70409189E-07
1.37702862E-01 1.21162443E-06 2.71807174E-07
1.37990231E-01 1.55108095E-06 2.73302186E-07
1.38277599E-01 1.88577871E-06 2.58969460E-07
1.38564967E-01 1.23983571E-06 2.58218361E-07
1.38852333E-01 1.58367700E-06 2.51908393E-07
1.39139700E-01 1.83115513E-06 2.54490630E-07
1.39427065E-01 1.72912258E-06 2.51511184E-07
1.39714430E-01 1.86092457E-06 2.50771746E-07
1.40001794E-01 1.62768974E-06 2.50819498E-07
1.40289157E-01 1.29036267E-06 2.49314035E-07
1.40576520E-01 1.68737764E-06 2.50096000E-07
1.40863882E-01 1.40255510E-06 2.47789837E-07
1.41151243E-01 1.26322220E-06 2.46626252E-07
1.41438604E-01 1.34710221E-06 2.50125950E-07
1.41725964E-01 1.68598646E-06 2.48548619E-07
1.42013323E-01 1.35220563E-06 2.47842475E-07
1.42300681E-01 1.01695397E-06 2.43728401E-07
1.42588039E-01 1.86593823E-06 2.47144293E-07
1.42875396E-01 1.80097318E-06 2.47158237E-07
1.43162752E-01 1.66210231E-06 2.45439714E-07
1.43450108E-01 1.42995934E-06 2.45740894E-07
1.43737463E-01 1.94628479E-06 2.45776048E-07
1.44024817E-01 1.14572402E-06 2.44544603E-07
1.44312170E-01 1.49774539E-06 2.39302875E-07
1.44599523E-01 1.63880684E-06 2.38631718E-07
1.44886875E-01 1.58642108E-06 2.40814831E-07
1.45174226E-01 1.45693954E-06 2.40384451E-07
1.45461577E-01 1.59890572E-06 2.41275222E-07
1.45748927E-01 1.69052243E-06 2.37782263E-07
1.46036276E-01 1.28276813E-06 2.37584700E-07
1.46323624E-01 1.91469610E-06 2.39337737E-07
1.46610971E-01 1.58838334E-06 2.38559648E-07
1.46898318E-01 1.31148825E-06 2.37445969E-07
1.47185664E-01 1.16476251E-06 2.37687772E-07
1.47473010E-01 1.25878193E-06 2.38316522E-07
1.47760354E-01 1.46960344E-06 2.39789117E-07
1.48047698E-01 1.33545065E-06 2.37054603E-07
1.48335041E-01 1.13707516E-06 2.38281627E-07
1.48622384E-01 1.05477157E-06 2.38134390E-07
1.48909725E-01 1.20439462E-06 2.39591536E-07
1.49197066E-01 7.84785156E-07 2.36440328E-07
1.49484406E-01 1.65717248E-06 2.37693717E-07
1.49771746E-01 1.15205486E-06 2.37174591E-07
1.50059084E-01 1.23316977E-06 2.36945709E-07
1.50346422E-01 1.24856134E-06 2.38394899E-07
1.50633759E-01 1.33656448E-06 2.35028406E-07
1.50921096E-01 1.16112668E-06 2.38174278E-07
1.51208431E-01 1.41343271E-06 2.33904869E-07
1.51495766E-01 1.57325552E-06 2.37553902E-07
1.51783100E-01 9.89166632E-07 2.37298476E-07
1.52070433E-01 1.42248551E-06 2.33645935E-07
1.52357766E-01 1.18486958E-06 2.37502311E-07
1.52645098E-01 1.47946758E-06 2.34028494E-07
1.52932429E-01 1.43023214E-06 2.36856355E-07
1.53219759E-01 1.47653280E-06 2.32889350E-07
1.53507088E-01 1.48411200E-06 2.36497919E-07
1.53794417E-01 1.52668010E-06 2.36213628E-07
1.54081745E-01 1.04241635E-06 2.32859574E-07
1.54369072E-01 1.50436682E-06 2.33766540E-07
1.54656399E-01 1.19773935E-06 2.33136060E-07
1.54943724E-01 1.45073355E-06 2.35916144E-07
1.55231049E-01 1.30080696E-06 2.36488279E-07
1.55518373E-01 6.03154957E-07 2.30836222E-07
1.55805696E-01 1.21355055E-06 2.33838750E-07
1.56093019E-01 1.07533524E-06 2.32002775E-07
1.56380341E-01 1.16923466E-06 2.33016912E-07
1.56667662E-01 1.14037101E-06 2.31999160E-07
1.56954982E-01 1.23136102E-06 2.31888511E-07
1.57242301E-01 1.53522502E-06 2.34225602E-07
1.57529620E-01 1.26354683E-06 2.31164291E-07
1.57816937E-01 1.11911283E-06 2.30018948E-07
1.58104254E-01 8.14094415E-07 2.32451367E-07
1.58391570E-01 9.32280447E-07 2.31587623E-07
1.58678886E-01 1.10687094E-06 2.32096863E-07
1.58966200E-01 1.32486767E-06 2.29723409E-07
1.59253514E-01 9.11142667E-07 2.30779336E-07
1.59540827E-01 1.10184628E-06 2.29873370E-07
1.59828139E-01 1.34596938E-06 2.31670771E-07
1.60115451E-01 1.39464753E-06 2.31919140E-07
1.60402761E-01 1.11863471E-06 2.27590274E-07
1.60690071E-01 1.42900729E-06 2.31108733E-07
1.60977380E-01 1.15942493E-06 2.29930796E-07
1.61264688E-01 1.36809035E-06 2.29244081E-07
1.61551996E-01 1.03195899E-06 2.27888118E-07
1.61839302E-01 9.99995338E-07 2.24658999E-07
1.62126608E-01 1.24369765E-06 2.27270963E-07
1.62413913E-01 9.92922979E-07 2.26513556E-07
1.62701217E-01 8.80085213E-07 2.26440336E-07
1.62988520E-01 1.21335512E-06 2.26150787E-07
1.63275822E-01 1.53064411E-06 2.26069147E-07
1.63563124E-01 1.29093225E-06 2.27438372E-07
1.63850425E-01 1.37265630E-06 2.23943626E-07
1.64137725E-01 1.45684049E-06 2.27382346E-07
1.64425024E-01 1.31863629E-06 2.25550701E-07
1.64712322E-01 1.19182835E-06 2.26383166E-07
1.64999620E-01 7.83305422E-07 2.24979465E-07
1.65286917E-01 1.11662529E-06 2.25529640E-07
1.65574212E-01 1.26323420E-06 2.24744925E-07
1.65861507E-01 8.77974686E-07 2.21504960E-07
1.66148802E-01 1.04948270E-06 2.20472443E-07
1.66436095E-01 8.87100285E-07 2.19654003E-07
1.66723387E-01 6.98532895E-07 2.20758527E-07
1.67010679E-01 1.13298162E-06 2.23441395E-07
1.67297970E-01 8.57934907E-07 2.22463941E-07
1.67585260E-01 1.07646317E-06 2.23236031E-07
1.67872549E-01 1.02369227E-06 2.21791588E-07
1.68159837E-01 7.58711584E-07 2.23295111E-07
1.68447125E-01 6.68934662E-07 2.22900512E-07
1.68734412E-01 8.96026151E-07 2.21418338E-07
1.69021697E-01 9.62475970E-07 2.24521567E-07
1.69308982E-01 1.02198530E-06 2.22397265E-07
1.69596266E-01 6.19180748E-07 2.23043733E-07
1.69883549E-01 6.11319655E-07 2.22615979E-07
1.70170832E-01 5.47250389E-07 2.21087590E-07
1.70458113E-01 7.23061790E-07 2.22996406E-07
1.70745394E-01 1.06352537E-06 2.20100309E-07
1.71032674E-01 8.37628313E-07 2.22462010E-07
1.71319953E-01 8.19645618E-07 2.21169133E-07
1.71607231E-01 6.44110549E-07 2.21871593E-07
1.71894508E-01 1.09709816E-06 2.22941146E-07
1.72181784E-01 8.24690959E-07 2.20157714E-07
1.72469060E-01 1.04079279E-06 2.20901112E-07
1.72756335E-01 9.02659880E-07 2.19784137E-07
1.73043608E-01 6.65644675E-07 2.21733282E-07
1.73330881E-01 1.29926272E-06 2.21301550E-07
1.73618153E-01 5.63342480E-07 2.19909507E-07
1.73905424E-01 7.04574253E-07 2.21754624E-07
1.74192695E-01 1.13834055E-06 2.21093947E-07
1.74479964E-01 1.00143107E-06 2.18982579E-07
1.74767232E-01 1.32633357E-06 2.19866124E-07
1.75054500E-01 6.12495367E-07 2.19538155E-07
1.75341767E-01 5.98076978E-07 2.20684604E-07
1.75629033E-01 8.74869322E-07 2.18831297E-07
1.75916298E-01 9.18351237E-07 2.18740009E-07
1.76203562E-01 9.66519367E-07 2.17708456E-07
1.76490825E-01 1.01593100E-06 2.19349921E-07
1.76778087E-01 1.03966265E-06 2.19289760E-07
1.77065349E-01 7.18827908E-07 2.19649839E-07
1.77352609E-01 6.02220289E-07 2.14700915E-07
1.77639869E-01 9.86315096E-07 2.18892322E-07
1.77927128E-01 9.97858851E-07 2.18594128E-07
1.78214386E-01 7.54098308E-07 2.18811968E-07
1.78501643E-01 9.68210776E-07 2.17656542E-07
1.78788899E-01 9.38324876E-07 2.17296017E-07
1.79076154E-01 6.04554183E-07 2.16200051E-07
1.79363408E-01 8.20765832E-07 2.13759239E-07
1.79650662E-01 8.59588945E-07 2.12130201E-07
1.79937914E-01 9.74302050E-07 2.12748119E-07
1.80225166E-01 5.68971664E-07 2.14901888E-07
1.80512417E-01 7.92385327E-07 2.14732089E-07
1.80799666E-01 4.54611918E-07 2.14879035E-07
1.81086915E-01 6.54033178E-07 2.13433908E-07
1.81374163E-01 1.25193201E-06 2.13453424E-07
1.81661410E-01 9.82928102E-07 2.13647315E-07
1.81948656E-01 8.21337960E-07 2.13566619E-07
1.82235902E-01 1.19896663E-06 2.14452397E-07
1.82523146E-01 7.03872412E-07 2.12708954E-07
1.82810389E-01 8.24228946E-07 2.14328768E-07
1.83097632E-01 9.17142304E-07 2.12207440E-07
1.83384873E-01 7.18508166E-07 2.12941007E-07
1.83672114E-01 5.01256881E-07 2.14811073E-07
1.83959354E-01 1.08684070E-06 2.11646205E-07
1.84246592E-01 8.43073925E-07 2.14373835E-07
1.84533830E-01 8.55168346E-07 2.10317320E-07
1.84821067E-01 8.90366677E-07 2.10803186E-07
1.85108303E-01 5.46652078E-07 2.12791237E-07
1.85395538E-01 7.40016733E-07 2.12298052E-07
1.85682773E-01 9.04144276E-07 2.14788462E-07
1.85970006E-01 1.12564267E-06 2.10913396E-07
1.86257238E-01 5.80543745E-07 2.12683042E-07
1.86544469E-01 7.34141552E-07 2.12808919E-07
1.86831700E-01 2.92234123E-07 2.11847633E-07
1.87118929E-01 9.14081128E-07 2.12573133E-07
1.87406158E-01 6.85130369E-07 2.11765592E-07
1.87693385E-01 9.40047187E-07 2.12642584E-07
1.87980612E-01 2.55321631E-07 2.11366015E-07
1.88267838E-01 9.51589146E-07 2.10641839E-07
1.88555062E-01 6.52913910E-07 2.12650812E-07
1.88842286E-01 6.46451713E-07 2.11824934E-07
1.89129509E-01 2.30924314E-07 2.11973855E-07
1.89416731E-01 6.87526378E-07 2.10796351E-07
1.89703952E-01 5.40023137E-07 2.09867965E-07
1.89991172E-01 8.17676751E-07 2.11643166E-07
1.90278391E-01 9.35041164E-07 2.09953033E-07
1.90565609E-01 3.14496918E-07 2.10769817E-07
1.90852826E-01 5.54560974E-07 2.10117707E-07
1.91140043E-01 7.53674408E-07 2.10767342E-07
1.91427258E-01 7.25040396E-07 2.12555965E-07
1.91714472E-01 2.69721460E-07 2.08816237E-07
1.92001685E-01 2.32787043E-07 2.09299742E-07
1.92288898E-01 4.78027776E-07 2.11558764E-07
1.92576109E-01 1.07868445E-06 2.08843249E-07
1.92863319E-01 8.64557201E-07 2.11579480E-07
1.93150529E-01 6.33858714E-07 2.08122584E-07
1.93437737E-01 6.59151012E-07 2.09380265E-07
1.93724945E-01 9.68041478E-07 2.08819711E-07
1.94012151E-01 6.98985783E-07 2.13296113E-07
1.94299357E-01 6.05901880E-07 2.16799003E-07
1.94586562E-01 3.38053599E-07 2.19348520E-07
1.94873765E-01 1.12316759E-06 2.20574954E-07
1.95160968E-01 5.09331751E-07 2.22149479E-07
1.95448169E-01 8.82665665E-07 2.21149929E-07
1.95735370E-01 8.31725854E-07 2.19953895E-07
1.96022570E-01 1.73516000E-07 2.24068042E-07
1.96309768E-01 7.44439771E-07 2.23305619E-07
1.96596966E-01 4.28248918E-07 2.23018180E-07
1.96884163E-01 3.41092907E-07 2.19273033E-07
1.97171359E-01 4.72700767E-07 2.20128961E-07
1.97458553E-01 7.79371254E-07 2.23631861E-07
1.97745747E-01 4.72290228E-07 2.23430724E-07
1.98032940E-01 5.79246122E-07 2.23952749E-07
1.98320132E-01 5.68862661E-07 2.23235878E-07
1.98607322E-01 5.09291519E-07 2.25634905E-07
1.98894512E-01 6.93165014E-07 2.25951764E-07
1.99181701E-01 8.33644376E-07 2.17223618E-07
1.99468889E-01 6.88073594E-07 2.15335856E-07
1.99756075E-01 4.91114657E-07 2.12901580E-07
2.00043261E-01 9.17209718E-07 2.14630383E-07
2.00330446E-01 1.50105635E-08 2.13025901E-07
2.00617630E-01 3.79433787E-07 2.09874148E-07
2.00904812E-01 8.44874548E-07 2.13123757E-07
2.01191994E-01 7.25453021E-07 2.11742581E-07
2.01479175E-01 9.28089874E-07 2.11376248E-07
2.01766355E-01 9.84391800E-07 2.11650176E-07
2.02053533E-01 4.82800635E-07 2.10097258E-07
2.02340711E-01 4.81493495E-07 2.12991023E-07
2.02627888E-01 4.91801485E-07 2.09942679E-07
2.02915063E-01 7.24794116E-07 2.09978552E-07
2.03202238E-01 6.45654051E-07 2.10404550E-07
2.03489412E-01 1.02337047E-07 2.10211182E-07
2.03776584E-01 2.59744365E-07 2.11836144E-07
2.04063756E-01 3.73222475E-07 2.07316512E-07
2.04350926E-01 7.87525310E-07 2.09150744E-07
2.04638096E-01 4.30920483E-07 2.08695500E-07
2.04925264E-01 7.59293421E-07 2.09767314E-07
2.05212432E-01 7.05497864E-07 2.08522650E-07
2.05499598E-01 3.96120697E-07 2.07572676E-07
2.05786764E-01 2.49587708E-07 2.09499296E-07
2.06073928E-01 2.91606525E-07 2.06275787E-07
2.06361091E-01 9.03677152E-07 2.06931398E-07
2.06648254E-01 1.72954665E-07 2.07930933E-07
2.06935415E-01 5.00616754E-07 2.06272200E-07
2.07222575E-01 6.64935230E-07 2.08818947E-07
2.07509734E-01 2.76274361E-07 2.07970548E-07
2.07796893E-01 6.97170573E-07 2.06776862E-07
2.08084050E-01 5.43324899E-07 2.07042790E-07
2.08371206E-01 3.83243939E-07 2.08335746E-07
2.08658361E-01 5.23522816E-07 2.07367621E-07
2.08945515E-01 6.87878588E-07 2.05501698E-07
2.09232668E-01 7.67517557E-07 2.06865761E-07
2.09519819E-01 6.89783521E-07 2.06225222E-07
2.09806970E-01 2.59769183E-07 2.06790730E-07
2.10094120E-01 2.93171133E-07 2.03730458E-07
2.10381269E-01 5.38105384E-07 2.04746419E-07
2.10668416E-01 7.16317961E-07 2.06449743E-07
2.10955563E-01 4.03797280E-07 2.05581025E-07
2.11242708E-01 3.62109334E-07 2.05307062E-07
2.11529853E-01 5.95434304E-07 2.04288482E-07
2.11816996E-01 4.94926435E-07 2.04741589E-07
2.12104139E-01 3.63197617E-07 2.05959128E-07
2.12391280E-01 5.95983014E-07 2.03506402E-07
2.12678420E-01 6.31428693E-07 2.04449718E-07
2.12965559E-01 3.61164561E-07 2.02412908E-07
2.13252697E-01 4.91018735E-07 2.04686388E-07
2.13539834E-01 2.77907011E-07 2.04001541E-07
2.13826970E-01 6.02761616E-07 2.02314969E-07
2.14114105E-01 3.95696264E-07 2.02254285E-07
2.14401239E-01 2.72687050E-07 1.99530267E-07
2.14688372E-01 3.87282541E-07 2.00785247E-07
2.14975503E-01 5.51290201E-07 1.99248893E-07
2.15262634E-01 7.31442675E-07 2.00782318E-07
2.15549763E-01 3.71476503E-07 2.02200767E-07
2.15836892E-01 2.85307655E-07 2.00180131E-07
2.16124019E-01 2.29704759E-07 2.00183580E-07
2.16411145E-01 1.51854522E-07 1.99183239E-07
2.16698271E-01 5.89752021E-07 2.01240122E-07
2.16985395E-01 5.81325040E-07 2.00238578E-07
2.17272518E-01 6.43277491E-07 1.99425284E-07
2.17559639E-01 2.65781315E-08 2.01120491E-07
2.17846760E-01 3.95145090E-07 1.99564534E-07
2.18133880E-01 5.54793610E-07 1.99384392E-07
2.18420999E-01 8.78862984E-07 2.01211454E-07
2.18708116E-01 6.41669003E-07 1.99722144E-07
2.18995232E-01 6.55619648E-07 2.00607339E-07
2.19282348E-01 4.68181771E-07 1.99911813E-07
2.19569462E-01 3.96183655E-07 1.99710902E-07
2.19856575E-01 6.70893493E-07 1.99409519E-07
2.20143687E-01 6.04484661E-07 1.98859055E-07
2.20430798E-01 4.21070635E-07 2.00350978E-07
2.20717908E-01 4.07844708E-07 1.99528821E-07
2.21005016E-01 2.14916136E-07 1.99657911E-07
2.21292124E-01 5.60445130E-07 1.98964301E-07
2.21579230E-01 6.16909666E-07 1.99036160E-07
2.21866336E-01 8.10522126E-07 1.99174780E-07
2.22153440E-01 7.96945541E-08 1.98448208E-07
2.22440543E-01 7.58902423E-07 1.98977834E-07
2.22727645E-01 4.54207656E-07 1.98431890E-07
2.23014746E-01 2.29022229E-07 1.97908840E-07
2.23301846E-01 3.76535801E-07 1.97330913E-07
2.23588944E-01 4.46775039E-07 1.98375782E-07
2.23876042E-01 5.73550649E-07 1.99003876E-07
2.24163138E-01 3.95014984E-07 1.97379644E-07
2.24450234E-01 9.13768870E-08 1.98468556E-07
2.24737328E-01 1.01115728E-06 1.96863709E-07
2.25024421E-01 2.81794399E-07 1.98751583E-07
2.25311513E-01 3.21489802E-07 1.98028195E-07
2.25598603E-01 8.43798639E-07 1.96815336E-07
2.25885693E-01 6.91699145E-07 1.97442786E-07
2.26172782E-01 1.22662718E-07 1.96895050E-07
2.26459869E-01 4.99148360E-07 1.98568909E-07
2.26746955E-01 2.68588921E-07 1.94931668E-07
2.27034040E-01 3.09302123E-07 1.93290939E-07
2.27321124E-01 5.28747609E-07 1.92996404E-07
2.27608207E-01 1.58217893E-07 1.93970572E-07
2.27895289E-01 7.51752567E-07 1.96328852E-07
2.28182369E-01 5.13484433E-07 1.94930397E-07
2.28469449E-01 3.80373949E-07 1.94380091E-07
2.28756527E-01 3.89049761E-07 1.95878150E-07
2.29043604E-01 3.02588906E-07 1.94331455E-07
2.29330680E-01 5.24228247E-07 1.96311334E-07
2.29617755E-01 3.13880798E-07 1.93985774E-07
2.29904828E-01 2.22944510E-07 1.94890931E-07
2.30191901E-01 5.28427273E-07 1.94903068E-07
2.30478972E-01 1.97147446E-07 1.94318759E-07
2.30766042E-01 6.74511369E-07 1.94902127E-07
2.31053111E-01 4.37777297E-07 1.93878845E-07
2.31340179E-01 2.60410260E-07 1.95880444E-07
2.31627246E-01 4.39751935E-07 1.93365754E-07
2.31914311E-01 4.94926426E-07 1.91438447E-07
2.32201376E-01 3.06452974E-07 1.91272401E-07
2.32488439E-01 7.12843906E-07 1.90367939E-07
2.32775501E-01 2.81741971E-07 1.91742742E-07
2.33062562E-01 5.02363830E-07 1.91757623E-07
2.33349621E-01 1.52980333E-07 1.91202815E-07
2.33636680E-01 4.03671756E-07 1.92041691E-07
2.33923737E-01 2.22473549E-07 1.90987887E-07
2.34210794E-01 2.90980059E-07 1.92497220E-07
2.34497849E-01 3.31387088E-07 1.90558470E-07
2.34784902E-01 4.88340015E-07 1.90947609E-07
2.35071955E-01 1.12634421E-06 1.91457098E-07
2.35359006E-01 4.59432283E-07 1.91254059E-07
2.35646057E-01 3.79511058E-07 1.91380090E-07
2.35933106E-01 4.32074830E-07 1.89868176E-07
2.36220154E-01 5.13422141E-07 1.92535799E-07
2.36507201E-01 4.99431503E-08 1.92133788E-07
2.36794246E-01 2.98130834E-07 1.92401649E-07
2.37081290E-01 3.43565639E-07 1.92425599E-07
2.37368334E-01 3.54770756E-07 1.90810587E-07
2.37655376E-01 6.09684945E-07 1.92525348E-07
2.37942416E-01 4.57746956E-07 1.90832593E-07
2.38229456E-01 5.15688042E-07 1.91359457E-07
2.38516494E-01 5.69622076E-07 1.91498746E-07
2.38803532E-01 3.32227106E-07 1.90915335E-07
2.39090568E-01 6.70161595E-07 1.92966211E-07
2.39377602E-01 4.98822142E-08 1.89188508E-07
2.39664636E-01 3.74161555E-07 1.91803676E-07
2.39951668E-01 4.59703612E-07 1.91055713E-07
2.40238700E-01 3.33523261E-07 1.89800867E-07
2.40525730E-01 -2.73676909E-07 1.90605968E-07
2.40812758E-01 1.54817960E-07 1.89114789E-07
2.41099786E-01 5.41683174E-07 1.91472377E-07
2.41386812E-01 4.97190544E-07 1.90981005E-07
2.41673838E-01 4.09906270E-07 1.90008989E-07
2.41960861E-01 1.35209739E-07 1.90220230E-07
2.42247884E-01 4.31603693E-07 1.89753246E-07
2.42534906E-01 3.12164857E-07 1.90470952E-07
2.42821926E-01 -1.90785788E-08 1.89646563E-07
2.43108945E-01 2.49998593E-07 1.89442929E-07
2.43395963E-01 1.02672005E-07 1.89534195E-07
2.43682980E-01 1.25687211E-07 1.89945964E-07
2.43969995E-01 6.31661953E-07 1.90906020E-07
2.44257009E-01 3.05622634E-09 1.88690158E-07
2.44544022E-01 6.86801684E-07 1.89486066E-07
2.44831034E-01 4.76423595E-07 1.89909899E-07
2.45118045E-01 3.34489442E-07 1.88621570E-07
2.45405054E-01 5.47865137E-07 1.88671705E-07
2.45692062E-01 2.55559807E-07 1.87914797E-07
2.45979069E-01 1.61601591E-07 1.89602864E-07
2.46266074E-01 7.86558883E-08 1.88180570E-07
2.46553079E-01 4.88788215E-07 1.87132930E-07
2.46840082E-01 6.38329130E-08 1.88285028E-07
2.47127084E-01 3.08122722E-07 1.88036456E-07
2.47414084E-01 2.47806896E-07 1.88646752E-07
2.47701084E-01 4.03274731E-07 1.87773571E-07
2.47988082E-01 2.06010714E-08 1.87748236E-07
2.48275079E-01 7.21318210E-07 1.86846420E-07
2.48562075E-01 5.77364115E-07 1.87420556E-07
2.48849069E-01 4.61285404E-07 1.88749366E-07
2.49136062E-01 1.77758959E-07 1.85216502E-07
2.49423054E-01 3.29676575E-07 1.85533518E-07
2.49710045E-01 1.92096814E-07 1.84608937E-07
2.49997034E-01 5.18638534E-07 1.85849080E-07
2.50284022E-01 5.27559911E-07 1.84408190E-07
2.50571009E-01 1.22984362E-07 1.85463649E-07
2.50857995E-01 2.45895503E-07 1.86453180E-07
2.51144979E-01 2.55021532E-07 1.85369587E-07
2.51431962E-01 5.86641385E-07 1.84919012E-07
2.51718944E-01 -2.15575903E-08 1.83854920E-07
2.52005925E-01 7.77772709E-07 1.85475598E-07
2.52292904E-01 3.85788641E-07 1.85433971E-07
2.52579882E-01 4.86786467E-07 1.86279422E-07
2.52866859E-01 -7.36980607E-08 1.85416897E-07
2.53153835E-01 1.60562004E-07 1.85029583E-07
2.53440809E-01 3.10633408E-07 1.86712486E-07
2.53727782E-01 3.59696526E-07 1.85228344E-07
2.54014754E-01 2.17372389E-07 1.85175610E-07
2.54301724E-01 3.45462325E-07 1.85879611E-07
2.54588694E-01 8.24429712E-08 1.84552162E-07
2.54875661E-01 3.64177286E-07 1.85125329E-07
2.55162628E-01 1.11150606E-07 1.87324572E-07
2.55449593E-01 4.01595743E-08 1.90621966E-07
2.55736558E-01 2.72535014E-07 1.93056325E-07
2.56023520E-01 6.19274863E-08 1.91951927E-07
2.56310482E-01 3.04289032E-07 1.95328040E-07
2.56597442E-01 2.31401069E-07 1.93574286E-07
2.56884401E-01 3.83944645E-07 1.94571327E-07
2.57171359E-01 8.12255803E-07 1.96352783E-07
2.57458315E-01 2.63491261E-07 1.95501385E-07
2.57745270E-01 1.19189245E-07 1.97027437E-07
2.58032224E-01 2.04541547E-07 1.95927021E-07
2.58319176E-01 2.56577435E-07 1.97928980E-07
2.58606128E-01 4.24411786E-07 1.98179964E-07
2.58893077E-01 3.98575003E-07 1.95832988E-07
2.59180026E-01 2.87060353E-07 1.99660842E-07
2.59466973E-01 2.68020628E-07 1.97119950E-07
2.59753919E-01 4.31406674E-07 1.99975930E-07
2.60040864E-01 3.04201315E-07 1.98371165E-07
2.60327807E-01 2.00600135E-07 1.98672876E-07
2.60614750E-01 -1.13624849E-07 2.01532475E-07
2.60901690E-01 9.53166794E-08 1.99352715E-07
2.61188630E-01 3.38859413E-07 1.99091250E-07
2.61475568E-01 1.10076060E-07 1.99629826E-07
2.61762505E-01 4.39661833E-07 2.00336573E-07
2.62049440E-01 3.28171587E-07 2.02270015E-07
2.62336375E-01 4.85374995E-07 2.01052351E-07
2.62623307E-01 2.63970370E-07 2.01136225E-07
2.62910239E-01 5.05721338E-07 2.00409465E-07
2.63197169E-01 5.90811919E-07 2.01971507E-07
2.63484098E-01 1.01914538E-07 2.01549969E-07
2.63771026E-01 2.35710169E-07 2.01365514E-07
2.64057952E-01 3.67136666E-07 2.02178750E-07
2.64344877E-01 6.08059209E-07 2.01971573E-07
2.64631801E-01 3.16672809E-07 2.02801595E-07
2.64918723E-01 2.20874822E-07 2.01770041E-07
2.65205644E-01 4.88062864E-07 2.04066386E-07
2.65492564E-01 5.25087840E-07 2.04013084E-07
2.65779482E-01 -1.13225832E-07 2.03926014E-07
2.66066399E-01 2.32944746E-07 2.02654901E-07
2.66353315E-01 3.95190712E-07 2.01837785E-07
2.66640229E-01 5.37649839E-07 2.02827524E-07
2.66927142E-01 4.63980702E-07 2.06904711E-07
2.67214054E-01 2.98647642E-07 2.12349054E-07
2.67500964E-01 4.96897607E-08 2.14241870E-07
2.67787873E-01 4.58390468E-07 2.15107240E-07
2.68074781E-01 -9.55205643E-08 2.21207317E-07
2.68361687E-01 8.84168587E-08 2.20314897E-07
2.68648592E-01 4.07318695E-07 2.22802814E-07
2.68935496E-01 2.05447417E-07 2.25333817E-07
2.69222398E-01 -1.30284721E-07 2.26511047E-07
2.69509299E-01 6.92852594E-08 2.29789782E-07
2.69796199E-01 1.52664217E-07 2.28127767E-07
2.70083097E-01 1.67286058E-07 2.33214922E-07
2.70369994E-01 -7.61506639E-08 2.35554277E-07
2.70656889E-01 6.78587247E-07 2.36336977E-07
2.70943783E-01 6.99265306E-07 2.38329709E-07
2.71230676E-01 5.06398483E-07 2.35473502E-07
2.71517568E-01 5.34204120E-07 2.40712514E-07
2.71804458E-01 1.26298707E-07 2.39434098E-07
2.72091346E-01 1.51044801E-07 2.40548710E-07
2.72378234E-01 2.08551946E-07 2.42825535E-07
2.72665120E-01 6.09145404E-07 2.40756153E-07
2.72952004E-01 1.86066626E-07 2.44891532E-07
2.73238888E-01 6.09479847E-07 2.42255264E-07
2.73525769E-01 4.59037410E-08 2.44920491E-07
2.73812650E-01 2.70899138E-07 2.46381456E-07
2.74099529E-01 -6.01930240E-09 2.46311094E-07
2.74386407E-01 2.04485708E-07 2.48421042E-07
2.74673283E-01 -1.86823775E-07 2.47749288E-07
2.74960158E-01 -1.43724692E-07 2.48063873E-07
2.75247032E-01 6.60359241E-08 2.50945643E-07
2.75533904E-01 6.31479135E-07 2.50791921E-07
2.75820775E-01 1.72889871E-07 2.50443663E-07
2.76107644E-01 1.98161031E-07 2.52858649E-07
2.76394513E-01 -1.77909860E-07 2.54454215E-07
2.76681379E-01 6.41716528E-07 2.56107069E-07
2.76968245E-01 1.62129946E-07 2.52264692E-07
2.77255108E-01 1.55732286E-07 2.53793822E-07
2.77541971E-01 4.73003767E-07 2.56024960E-07
2.77828832E-01 4.36438451E-07 2.55534497E-07
2.78115692E-01 -2.56569871E-07 2.58557812E-07
2.78402550E-01 -2.16031200E-08 2.52967644E-07
2.78689407E-01 3.17044396E-07 2.57681730E-07
2.78976263E-01 5.12139981E-07 2.59300036E-07
2.79263117E-01 5.81948183E-07 2.58979936E-07
2.79549970E-01 2.06173248E-07 2.58987484E-07
2.79836821E-01 8.49026786E-07 2.59724021E-07
2.80123671E-01 -1.06413037E-07 2.61684319E-07
2.80410520E-01 5.38204163E-08 2.62159033E-07
2.80697367E-01 4.38896157E-07 2.59952198E-07
2.80984213E-01 1.85379840E-07 2.65383641E-07
2.81271057E-01 9.45851143E-07 2.64092332E-07
2.81557900E-01 1.38826825E-07 2.62698176E-07
2.81844742E-01 -4.70832691E-07 2.65832870E-07
2.82131582E-01 5.24518301E-07 2.64921866E-07
2.82418420E-01 -2.83073847E-08 2.68019167E-07
2.82705258E-01 3.62936011E-07 2.68317167E-07
2.82992094E-01 1.41596061E-07 2.67716195E-07
2.83278928E-01 4.52512533E-07 2.71026618E-07
2.83565761E-01 4.27552094E-07 2.68597638E-07
2.83852593E-01 -1.30118262E-07 2.72937485E-07
2.84139423E-01 3.66870699E-07 2.72406970E-07
2.84426252E-01 -1.40502416E-08 2.66393628E-07
2.84713079E-01 2.87941896E-07 2.75630427E-07
2.84999905E-01 4.45144006E-09 2.70084549E-07
2.85286730E-01 5.54207954E-07 2.75721012E-07
2.85573553E-01 1.85369451E-08 2.73085497E-07
2.85860374E-01 2.55125889E-07 2.72583879E-07
2.86147194E-01 3.96407825E-07 2.79298444E-07
2.86434013E-01 1.56720886E-07 2.73331679E-07
2.86720831E-01 5.43670765E-07 2.78803971E-07
2.87007646E-01 9.96599791E-08 2.75662972E-07
2.87294461E-01 -2.06559119E-07 2.78870522E-07
2.87581274E-01 2.24890603E-07 2.84913811E-07
2.87868085E-01 4.23613260E-07 2.75569290E-07
2.88154896E-01 -4.05278915E-07 2.82709887E-07
2.88441704E-01 -2.38689398E-08 2.81787875E-07
2.88728512E-01 7.88952662E-07 2.80230942E-07
2.89015317E-01 3.19348577E-07 2.88355445E-07
2.89302122E-01 2.58940756E-07 2.78516601E-07
2.89588925E-01 -1.72661782E-07 2.87455612E-07
2.89875726E-01 -3.61622432E-07 2.85432608E-07
2.90162526E-01 1.84261828E-07 2.86072552E-07
2.90449325E-01 2.77242095E-07 2.88017837E-07
2.90736122E-01 4.38614623E-07 2.86199174E-07
2.91022917E-01 4.69405126E-07 2.90181049E-07
2.91309712E-01 3.45748416E-07 2.89501561E-07
2.91596504E-01 1.80657082E-07 2.89369028E-07
2.91883296E-01 7.98281149E-07 2.91124546E-07
2.92170085E-01 1.99537072E-07 2.89159674E-07
2.92456874E-01 1.93980622E-09 2.95808472E-07
2.92743661E-01 -4.47113104E-07 2.89984903E-07
2.93030446E-01 -1.85002671E-07 2.95111290E-07
2.93317230E-01 -5.02273129E-08 2.95144812E-07
2.93604012E-01 3.19510766E-07 2.93370080E-07
2.93890793E-01 7.16234279E-07 2.97895659E-07
2.94177573E-01 3.57954034E-07 2.93578507E-07
2.94464351E-01 4.92855986E-07 2.99699694E-07
2.94751127E-01 8.74616391E-07 2.98505646E-07
2.95037903E-01 4.94032557E-07 3.01075374E-07
2.95324676E-01 4.12193595E-07 2.99959405E-07
2.95611448E-01 5.40286839E-07 3.02836841E-07
2.95898219E-01 2.30194568E-07 3.06976007E-07
2.96184988E-01 -4.97528042E-07 3.02369362E-07
2.96471756E-01 4.41978899E-07 3.03669147E-07
2.96758522E-01 6.73826062E-07 3.03437553E-07
2.97045287E-01 4.41433551E-07 3.08089225E-07
2.97332050E-01 3.96306985E-07 3.05679353E-07
2.97618812E-01 7.60142455E-07 3.06288159E-07
2.97905572E-01 3.82579474E-07 3.11525500E-07
2.98192331E-01 5.79980568E-08 3.06743375E-07
2.98479088E-01 1.98003661E-07 3.12407400E-07
2.98765844E-01 1.04145102E-07 3.06413061E-07
2.99052598E-01 3.27070778E-07 3.12751743E-07
2.99339351E-01 3.72877872E-07 3.14478391E-07
2.99626102E-01 1.49920705E-07 3.08263094E-07
2.99912852E-01 -2.18783905E-08 3.12494281E-07
3.00199600E-01 5.87524054E-07 3.07859586E-07
3.00486347E-01 4.24009621E-07 3.12507135E-07
3.00773092E-01 1.73630383E-07 3.12139743E-07
3.01059836E-01 7.38665525E-10 3.07603491E-07
3.01346578E-01 2.88659667E-07 3.14665631E-07
3.01633319E-01 4.32682582E-07 3.09480655E-07
3.01920058E-01 -3.67640970E-07 3.18393414E-07
3.02206796E-01 4.05042627E-07 3.16206169E-07
3.02493532E-01 2.38925289E-07 3.12299627E-07
3.02780267E-01 5.09259792E-07 3.21902704E-07
3.03067000E-01 4.36742985E-07 3.13495975E-07
3.03353732E-01 8.78906011E-07 3.22563059E-07
3.03640462E-01 5.15363027E-07 3.21576640E-07
3.03927190E-01 1.86697974E-07 3.23590000E-07
3.04213918E-01 1.51526835E-07 3.25874483E-07
3.04500643E-01 4.56542817E-07 3.18991540E-07
3.04787367E-01 5.47889944E-07 3.28108646E-07
3.05074090E-01 4.65911022E-07 3.24008403E-07
3.05360811E-01 2.29383602E-07 3.28426042E-07
3.05647530E-01 3.30329301E-07 3.29938894E-07
3.05934248E-01 -3.50087959E-07 3.22855667E-07
3.06220965E-01 1.25833744E-07 3.34475088E-07
3.06507679E-01 -1.64975370E-07 3.22893920E-07
3.06794393E-01 2.98458104E-07 3.31070871E-07
3.07081105E-01 6.22307502E-07 3.30181998E-07
3.07367815E-01 -1.68905377E-07 3.31604153E-07
3.07654524E-01 2.23864570E-07 3.37166578E-07
3.07941231E-01 6.67235746E-07 3.28775038E-07
3.08227936E-01 6.30810884E-07 3.38014355E-07
3.08514640E-01 1.53583828E-07 3.36951595E-07
3.08801343E-01 1.77143087E-07 3.38018692E-07
3.09088044E-01 6.91512332E-07 3.44721546E-07
3.09374743E-01 6.06426537E-07 3.33917541E-07
3.09661441E-01 2.06867915E-08 3.46417067E-07
3.09948138E-01 -3.26752387E-07 3.38609079E-07
3.10234833E-01 -5.43344705E-07 3.43135683E-07
3.10521526E-01 1.54883549E-07 3.44328936E-07
3.10808218E-01 3.11028929E-07 3.44625962E-07
3.11094908E-01 1.11335722E-07 3.48353534E-07
3.11381596E-01 3.95720431E-07 3.41416965E-07
3.11668283E-01 1.05400600E-07 3.48246730E-07
3.11954969E-01 7.87437691E-07 3.45952380E-07
3.12241653E-01 8.77603992E-07 3.51874937E-07
3.12528335E-01 -6.43872029E-08 3.55587635E-07
3.12815016E-01 -2.57554903E-07 3.46028775E-07
3.13101695E-01 6.47285449E-07 3.57275974E-07
3.13388373E-01 -5.47997398E-07 3.49430049E-07
3.13675049E-01 7.82650898E-08 3.58424451E-07
3.13961723E-01 1.38858216E-07 3.60187777E-07
3.14248396E-01 7.77585170E-07 3.54824880E-07
3.14535067E-01 3.28641463E-07 3.60390790E-07
3.14821737E-01 9.37951042E-07 3.56625982E-07
3.15108405E-01 6.40830603E-07 3.67543939E-07
3.15395072E-01 6.15426227E-07 3.63954618E-07
3.15681737E-01 9.86288186E-08 3.62216690E-07
3.15968401E-01 1.46678015E-07 3.74062821E-07
3.16255063E-01 4.69722301E-09 3.62263630E-07
3.16541723E-01 5.05036455E-07 3.73186360E-07
3.16828382E-01 1.95646469E-07 3.69272290E-07
3.17115039E-01 -7.91673896E-08 3.70317639E-07
3.17401694E-01 1.80907585E-07 3.80005695E-07
3.17688348E-01 5.93107765E-07 3.62795060E-07
3.17975001E-01 1.07568259E-06 3.80771112E-07
3.18261651E-01 3.70065721E-07 3.69469202E-07
3.18548301E-01 4.86441621E-07 3.77266656E-07
3.18834948E-01 7.05807043E-07 3.85984100E-07
3.19121594E-01 6.12309892E-07 3.77528658E-07
3.19408239E-01 3.33658742E-08 3.80259887E-07
3.19694881E-01 6.65606389E-08 3.76693275E-07
3.19981523E-01 6.31317697E-07 3.84702835E-07
3.20268162E-01 3.99694185E-07 3.86409431E-07
3.20554800E-01 -5.10167627E-07 3.85035884E-07
3.20841436E-01 1.72697277E-07 3.93755359E-07
3.21128071E-01 -3.28794264E-07 3.79618612E-07
3.21414704E-01 2.26040950E-07 3.97984747E-07
3.21701336E-01 7.86614030E-08 3.90914613E-07
3.21987966E-01 4.04049447E-07 3.96827183E-07
3.22274594E-01 1.56466454E-06 3.96138557E-07
3.22561221E-01 1.03586380E-07 3.92104303E-07
3.22847846E-01 -7.09164406E-09 4.04861289E-07
3.23134470E-01 1.02528671E-07 3.92388633E-07
3.23421092E-01 2.68670567E-07 4.04457169E-07
3.23707712E-01 6.68236559E-07 4.00054346E-07
3.23994330E-01 1.87526424E-07 4.01342438E-07
3.24280948E-01 1.58512674E-07 4.10128330E-07
3.24567563E-01 7.90063237E-07 3.96751955E-07
3.24854177E-01 7.22686139E-07 4.12354541E-07
3.25140789E-01 6.60271380E-07 4.03576993E-07
3.25427399E-01 2.56051042E-07 4.13159772E-07
3.25714008E-01 -6.05943637E-10 4.22206099E-07
3.26000616E-01 4.63385270E-07 4.03841332E-07
3.26287221E-01 1.35536400E-07 4.26677634E-07
3.26573825E-01 3.34802096E-07 4.11348278E-07
3.26860428E-01 7.30688336E-07 4.23474458E-07
3.27147028E-01 7.09191334E-07 4.20247454E-07
3.27433627E-01 2.49277739E-07 4.18799173E-07
3.27720225E-01 3.87318821E-07 4.30890766E-07
3.28006821E-01 -1.35534435E-07 4.17431915E-07
3.28293415E-01 6.87089582E-07 4.33017644E-07
3.28580007E-01 -3.09871620E-07 4.27976803E-07
3.28866598E-01 7.15837930E-07 4.29266794E-07
3.29153187E-01 4.47171498E-07 4.41482615E-07
3.29439775E-01 3.86886394E-07 4.29037405E-07
3.29726361E-01 5.51503646E-07 4.41643050E-07
3.30012945E-01 -5.95065133E-08 4.28199939E-07
3.30299528E-01 -2.67112104E-07 4.38880210E-07
3.30586109E-01 2.68073432E-07 4.39771033E-07
3.30872688E-01 5.13720090E-07 4.35390415E-07
3.31159266E-01 5.72390246E-07 4.40677466E-07
3.31445842E-01 3.06777029E-08 4.28732151E-07
3.31732416E-01 6.74295045E-07 4.42684818E-07
3.32018989E-01 -2.15184415E-07 4.37003687E-07
3.32305560E-01 8.07689512E-08 4.42604384E-07
3.32592129E-01 7.52972156E-07 4.54238244E-07
3.32878697E-01 3.45969037E-07 4.23253767E-07
3.33165263E-01 -7.89052977E-07 4.49343443E-07
3.33451828E-01 7.80774832E-07 4.38293625E-07
3.33738390E-01 9.92092598E-07 4.51288759E-07
3.34024951E-01 6.13947718E-07 4.62296640E-07
3.34311511E-01 4.22810746E-07 4.37347585E-07
3.34598069E-01 7.29523638E-08 4.64458445E-07
3.34884625E-01 4.83407401E-07 4.43652967E-07
3.35171179E-01 6.36645807E-07 4.58067491E-07
3.35457732E-01 8.80991369E-07 4.52313217E-07
3.35744283E-01 -2.43819562E-07 4.62882457E-07
3.36030832E-01 1.60626466E-07 4.72458526E-07
3.36317380E-01 1.14785921E-07 4.56474613E-07
3.36603925E-01 9.60112090E-07 4.74903493E-07
3.36890470E-01 -1.07283684E-07 4.67736886E-07
3.37177012E-01 5.38831759E-07 4.74983484E-07
3.37463553E-01 4.06209911E-07 4.85849298E-07
3.37750092E-01 -1.66411006E-07 4.59532907E-07
3.38036630E-01 2.27946497E-07 4.85160935E-07
3.38323166E-01 -4.61218952E-07 4.67967663E-07
3.38609700E-01 2.29714497E-07 4.91585720E-07
3.38896232E-01 -8.77994116E-09 4.92756943E-07
3.39182763E-01 2.28559495E-07 4.77902489E-07
3.39469292E-01 2.41994440E-08 5.06853039E-07
3.39755820E-01 8.75268051E-07 4.70189228E-07
3.40042345E-01 4.47484106E-07 5.08276287E-07
3.40328869E-01 2.82955299E-07 4.85306529E-07
3.40615391E-01 8.01160326E-07 5.02762990E-07
3.40901912E-01 -5.89895170E-08 5.08776905E-07
3.41188431E-01 1.21319541E-07 4.88865841E-07
3.41474948E-01 4.34160084E-07 5.24555277E-07
3.41761463E-01 -4.78988594E-08 4.97546801E-07
3.42047977E-01 -6.65426086E-07 5.11960863E-07
3.42334489E-01 3.44524211E-07 5.25371584E-07
3.42620999E-01 -6.89646172E-07 5.02502063E-07
3.42907508E-01 -3.40025930E-07 5.30388007E-07
3.43194015E-01 -1.75512467E-07 5.09610135E-07
3.43480520E-01 -1.11166862E-07 5.31663139E-07
3.43767023E-01 1.44917788E-06 5.21726363E-07
3.44053525E-01 9.91840215E-07 5.35806354E-07
3.44340025E-01 -2.60595797E-08 5.51500171E-07
3.44626523E-01 -6.78106916E-07 5.28330111E-07
3.44913020E-01 -2.99115592E-07 5.54852053E-07
3.45199515E-01 8.53013068E-07 5.39933388E-07
3.45486008E-01 3.13287886E-07 5.50956620E-07
3.45772499E-01 -5.67391899E-08 5.72122026E-07
3.46058989E-01 -2.65028596E-07 5.32552647E-07
3.46345477E-01 4.87587579E-07 5.80042541E-07
3.46631963E-01 1.13717314E-06 5.52736582E-07
3.46918447E-01 -3.82064929E-07 5.71970643E-07
3.47204930E-01 -5.65467023E-07 5.74830934E-07
3.47491411E-01 -3.76973864E-07 5.73439731E-07
3.47777890E-01 -3.47683067E-08 6.07036057E-07
3.48064368E-01 -8.97156381E-07 5.58405393E-07
3.48350844E-01 1.51235198E-06 6.00899717E-07
3.48637318E-01 1.11450447E-06 5.80016101E-07
3.48923790E-01 6.36290376E-07 6.02874851E-07
3.49210260E-01 9.52025465E-07 6.33443559E-07
3.49496729E-01 9.20518599E-07 5.87757731E-07
3.49783196E-01 8.07003870E-07 6.20222087E-07
3.50069662E-01 9.58563048E-08 5.97457301E-07
3.50356125E-01 1.80318000E-07 6.43722145E-07
3.50642587E-01 3.74425086E-07 6.28874128E-07
3.50929047E-01 6.69223886E-07 6.19986642E-07
3.51215505E-01 9.50675047E-07 6.56483350E-07
3.51501962E-01 6.72494318E-07 6.15241406E-07
3.51788416E-01 -1.34366191E-07 6.69504750E-07
3.52074869E-01 -8.71390525E-09 6.51270842E-07
3.52361321E-01 7.83939545E-07 6.52320873E-07
3.52647770E-01 -2.13018567E-07 7.21086304E-07
3.52934218E-01 1.59663834E-06 6.18432086E-07
3.53220664E-01 7.59766901E-08 7.10948892E-07
3.53507108E-01 2.22758582E-07 6.69786886E-07
3.53793550E-01 1.58526977E-06 7.07939023E-07
3.54079991E-01 1.64399201E-06 7.20044201E-07
3.54366430E-01 1.11563206E-06 6.68004763E-07
3.54652867E-01 8.49771728E-08 7.49318046E-07
3.54939302E-01 -5.12401396E-07 6.65163471E-07
3.55225736E-01 1.41959332E-06 7.41474557E-07
3.55512168E-01 4.46939739E-07 7.31941955E-07
3.55798598E-01 -4.85862963E-08 7.35896415E-07
3.56085026E-01 -8.91988692E-08 7.99989797E-07
3.56371452E-01 1.41725350E-06 7.00426878E-07
3.56657877E-01 7.78566242E-07 8.12935065E-07
3.56944300E-01 2.09777899E-07 7.45933073E-07
3.57230721E-01 2.39642313E-08 8.11280873E-07
3.57517140E-01 1.18716125E-06 8.42498787E-07
3.57803558E-01 1.10527864E-06 7.57407971E-07
3.58089973E-01 5.81657899E-07 8.68314304E-07
3.58376387E-01 7.95218999E-08 7.91243400E-07
3.58662800E-01 -1.65932036E-06 8.72975571E-07
3.58949210E-01 7.75895897E-07 8.63103973E-07
3.59235618E-01 2.72551373E-07 8.62302168E-07
3.59522025E-01 1.22341085E-07 9.40171385E-07
3.59808430E-01 -1.59173928E-08 8.40398185E-07
3.60094833E-01 1.99465262E-07 9.46026402E-07
3.60381235E-01 9.17345521E-07 8.86571337E-07
3.60667634E-01 2.99274256E-07 9.61589013E-07
3.60954032E-01 -2.54542912E-07 1.00597113E-06
3.61240428E-01 -5.10962139E-07 9.30354920E-07
3.61526822E-01 -3.44327783E-07 9.92847035E-07
3.61813215E-01 9.95136509E-07 1.01176603E-06
3.62099605E-01 1.94995784E-08 1.01111198E-06
3.62385994E-01 -1.08255779E-06 1.10038548E-06
3.62672381E-01 -3.31532755E-07 9.80198673E-07
3.62958766E-01 -8.73605056E-07 1.14511537E-06


### HEADER:

{
    "Notes": "", 
    "analysis": {
        "guinier": {
            "I0": "6.67939052506e-05", 
            "I0_autorg_err": "2.831E-08", 
            "I0_err": 1.3132829274360233e-07, 
            "I0_est_err": -1, 
            "I0_fit_err": 1.3132829274360233e-07, 
            "Rg": "38.0766592891", 
            "Rg_autorg_err": "0.0527", 
            "Rg_err": 0.1426285312140856, 
            "Rg_est_err": -1, 
            "Rg_fit_err": 0.1426285312140856, 
            "nEnd": 95, 
            "nStart": 5, 
            "qEnd": "0.03192", 
            "qRg_max": "1.2152574730216363", 
            "qRg_min": "0.22991586579624548", 
            "qStart": "0.00604", 
            "rsq": "0.9937237732501671"
        }
    }, 
    "filename": "S_A_TS17_005_0512.dat", 
    "history": {
        "subtraction": {
            "initial_file": [
                "A_TS17_005_0512.tif", 
                {
                    "averaged_files": [
                        [
                            "TS17_005_0512.tif"
                        ], 
                        [
                            "TS17_005_0513.tif"
                        ], 
                        [
                            "TS17_005_0514.tif"
                        ], 
                        [
                            "TS17_005_0515.tif"
                        ], 
                        [
                            "TS17_005_0516.tif"
                        ], 
                        [
                            "TS17_005_0517.tif"
                        ], 
                        [
                            "TS17_005_0518.tif"
                        ], 
                        [
                            "TS17_005_0519.tif"
                        ], 
                        [
                            "TS17_005_0520.tif"
                        ], 
                        [
                            "TS17_005_0521.tif"
                        ], 
                        [
                            "TS17_005_0522.tif"
                        ], 
                        [
                            "TS17_005_0523.tif"
                        ], 
                        [
                            "TS17_005_0524.tif"
                        ], 
                        [
                            "TS17_005_0525.tif"
                        ], 
                        [
                            "TS17_005_0526.tif"
                        ], 
                        [
                            "TS17_005_0527.tif"
                        ], 
                        [
                            "TS17_005_0528.tif"
                        ], 
                        [
                            "TS17_005_0529.tif"
                        ], 
                        [
                            "TS17_005_0530.tif"
                        ], 
                        [
                            "TS17_005_0531.tif"
                        ], 
                        [
                            "TS17_005_0532.tif"
                        ], 
                        [
                            "TS17_005_0533.tif"
                        ], 
                        [
                            "TS17_005_0534.tif"
                        ], 
                        [
                            "TS17_005_0535.tif"
                        ], 
                        [
                            "TS17_005_0536.tif"
                        ], 
                        [
                            "TS17_005_0537.tif"
                        ], 
                        [
                            "TS17_005_0538.tif"
                        ], 
                        [
                            "TS17_005_0539.tif"
                        ], 
                        [
                            "TS17_005_0540.tif"
                        ], 
                        [
                            "TS17_005_0541.tif"
                        ], 
                        [
                            "TS17_005_0542.tif"
                        ], 
                        [
                            "TS17_005_0543.tif"
                        ], 
                        [
                            "TS17_005_0544.tif"
                        ], 
                        [
                            "TS17_005_0545.tif"
                        ], 
                        [
                            "TS17_005_0546.tif"
                        ], 
                        [
                            "TS17_005_0547.tif"
                        ], 
                        [
                            "TS17_005_0548.tif"
                        ], 
                        [
                            "TS17_005_0549.tif"
                        ], 
                        [
                            "TS17_005_0550.tif"
                        ], 
                        [
                            "TS17_005_0551.tif"
                        ], 
                        [
                            "TS17_005_0552.tif"
                        ], 
                        [
                            "TS17_005_0553.tif"
                        ], 
                        [
                            "TS17_005_0554.tif"
                        ], 
                        [
                            "TS17_005_0555.tif"
                        ], 
                        [
                            "TS17_005_0556.tif"
                        ], 
                        [
                            "TS17_005_0557.tif"
                        ]
                    ]
                }
            ], 
            "subtracted_file": [
                "A_TS17_005_0301.tif", 
                {
                    "averaged_files": [
                        [
                            "TS17_005_0301.tif"
                        ], 
                        [
                            "TS17_005_0302.tif"
                        ], 
                        [
                            "TS17_005_0303.tif"
                        ], 
                        [
                            "TS17_005_0304.tif"
                        ], 
                        [
                            "TS17_005_0305.tif"
                        ], 
                        [
                            "TS17_005_0306.tif"
                        ], 
                        [
                            "TS17_005_0307.tif"
                        ], 
                        [
                            "TS17_005_0308.tif"
                        ], 
                        [
                            "TS17_005_0309.tif"
                        ], 
                        [
                            "TS17_005_0310.tif"
                        ], 
                        [
                            "TS17_005_0311.tif"
                        ], 
                        [
                            "TS17_005_0312.tif"
                        ], 
                        [
                            "TS17_005_0313.tif"
                        ], 
                        [
                            "TS17_005_0314.tif"
                        ], 
                        [
                            "TS17_005_0315.tif"
                        ], 
                        [
                            "TS17_005_0316.tif"
                        ], 
                        [
                            "TS17_005_0317.tif"
                        ], 
                        [
                            "TS17_005_0318.tif"
                        ], 
                        [
                            "TS17_005_0319.tif"
                        ], 
                        [
                            "TS17_005_0320.tif"
                        ], 
                        [
                            "TS17_005_0321.tif"
                        ], 
                        [
                            "TS17_005_0322.tif"
                        ], 
                        [
                            "TS17_005_0323.tif"
                        ], 
                        [
                            "TS17_005_0324.tif"
                        ], 
                        [
                            "TS17_005_0325.tif"
                        ], 
                        [
                            "TS17_005_0326.tif"
                        ], 
                        [
                            "TS17_005_0327.tif"
                        ], 
                        [
                            "TS17_005_0328.tif"
                        ], 
                        [
                            "TS17_005_0329.tif"
                        ], 
                        [
                            "TS17_005_0330.tif"
                        ], 
                        [
                            "TS17_005_0331.tif"
                        ], 
                        [
                            "TS17_005_0332.tif"
                        ], 
                        [
                            "TS17_005_0333.tif"
                        ], 
                        [
                            "TS17_005_0334.tif"
                        ], 
                        [
                            "TS17_005_0335.tif"
                        ], 
                        [
                            "TS17_005_0336.tif"
                        ], 
                        [
                            "TS17_005_0337.tif"
                        ], 
                        [
                            "TS17_005_0338.tif"
                        ], 
                        [
                            "TS17_005_0339.tif"
                        ], 
                        [
                            "TS17_005_0340.tif"
                        ], 
                        [
                            "TS17_005_0341.tif"
                        ]
                    ]
                }
            ]
        }
    }
}

