0.00365561	425.43104761904397	113.51260343365901
0.00396024	512.3680000000095	89.08913585585427
0.00426487	436.51095238095877	61.12834318782866
0.00456949	374.1353333333391	51.95965922462238
0.00487412	274.4384761904803	42.831652487060694
0.00517875	263.5577142857146	37.24568227361246
0.00548338	229.5056190476207	32.60210050005829
0.00578801	304.2594285714313	27.840386642465702
0.00609264	255.87685714285544	26.087506928987818
0.00639727	226.66952380952534	22.931308212493484
0.0067019	207.3507142857161	20.101549493587637
0.00700653	200.89038095237993	18.794972200666354
0.00731116	198.61559047618994	16.32802518829001
0.00761579	169.5415142857155	15.650739312195912
0.00792042	172.7940476190488	13.921576678698397
0.00822505	165.20016190476326	12.754719899361929
0.00852968	200.295761904762	12.112649006594815
0.00883431	180.09528571428473	11.003032994486736
0.00913894	183.1469904761907	10.33420603113571
0.00944357	169.27024761904795	9.464893242883786
0.0097482	175.54271428571428	8.958711616561352
0.0100528	164.34700000000066	8.485416317261997
0.0103575	158.63249523809554	7.761257838732307
0.0106621	158.12783809523899	7.410383933169874
0.0109667	167.45764761904775	6.95529629750658
0.0112713	163.3466285714287	6.582962513792239
0.011576	153.56477142857148	6.253615038254581
0.0118806	161.35500952380949	5.800419864552293
0.0121852	155.86068571428632	5.628996157046718
0.0124899	144.15509523809533	5.296603653225244
0.0127945	156.96629523809543	5.086516363123299
0.0130991	152.47340952380955	4.795472648354533
0.0134038	150.70655238095242	4.557347599971896
0.0137084	145.75371904761914	4.409365036966816
0.014013	148.45136666666667	4.213327273197135
0.0143176	146.33012095238087	4.022527906694436
0.0146223	148.1747247619047	3.85851048894477
0.0149269	149.26989428571426	3.6902443650550074
0.0152315	148.86959238095244	3.5794995623486523
0.0155362	140.54430285714307	3.420916144525659
0.0158408	138.65778000000012	3.2754117141845
0.0161454	138.43109333333337	3.193458524592615
0.01645	139.19367904761907	3.0732599215565766
0.0167547	144.45947523809537	2.9696164492937314
0.0170593	135.53313904761904	2.849092592565447
0.0173639	139.5457580952381	2.8031486799073226
0.0176686	140.3096447619048	2.708773998424753
0.0179732	137.06348095238093	2.6387801034011678
0.0182778	137.4614895238097	2.6064509695859095
0.0185825	135.91037047619045	2.604786758222556
0.0188871	136.27902000000006	2.567239818375985
0.0191917	129.13710095238105	2.5224818408846916
0.0194963	133.18736095238097	2.4623068260814565
0.019801	131.5034438095238	2.420503957139153
0.0201056	130.5207485714286	2.3947526379611137
0.0204102	131.63824666666676	2.3592907573822313
0.0207149	128.35234095238098	2.309058827395363
0.0210195	127.02233428571435	2.2556513044451427
0.0213241	128.7238714285715	2.238055539804205
0.0216287	123.77565523809528	2.1964579610038757
0.0219334	124.60177428571436	2.1655702455567347
0.022238	121.70857238095238	2.1181831176966024
0.0225426	125.45485333333335	2.0999635322682586
0.0228473	122.3862200000001	2.064749708149607
0.0231519	122.47630666666672	2.0303196099112046
0.0234565	119.85291047619052	1.971674125503074
0.0237612	120.05073047619047	1.9626593276712225
0.0240658	116.71971523809529	1.9368333517451541
0.0243704	119.3403390476191	1.9199856087126574
0.024675	121.43867142857147	1.866270540887051
0.0249797	115.99327714285715	1.8541062423074661
0.0252843	116.08056952380952	1.8498303603330413
0.0255889	112.91591238095242	1.79980707905631
0.0258936	110.07629333333341	1.798276825969801
0.0261982	111.9542523809524	1.7354153735050575
0.0265028	109.72183047619046	1.7457385412488022
0.0268075	110.2393428571429	1.7368492672305376
0.0271121	110.98662476190478	1.7064218196687149
0.0274167	108.1650780952381	1.7048106077467489
0.0277213	106.46696666666674	1.6479879075118367
0.028026	106.25772761904761	1.6518967783460738
0.0283306	106.44110952380953	1.654789503290177
0.0286352	106.11644285714289	1.6020484241988087
0.0289399	101.95585142857146	1.6186230277181517
0.0292445	103.72865619047624	1.576498303718269
0.0295491	102.24436476190476	1.5707449425964448
0.0298537	102.9069885714286	1.5448511040298682
0.0301584	97.73233238095244	1.5074136413839583
0.030463	99.61514952380955	1.513736291563561
0.0307676	99.11398000000005	1.489628389810196
0.0310723	97.85373047619046	1.478147523083425
0.0313769	98.3772171428572	1.4482186088243172
0.0316815	95.2971457142857	1.4313661438771366
0.0319862	94.06630952380954	1.427340039658395
0.0322908	91.87029428571432	1.3960432311903332
0.0325954	92.42940476190478	1.3846728764518303
0.0329	90.88793523809525	1.3817628458944406
0.0332047	89.29309333333333	1.3602052574417998
0.0335093	91.53236285714287	1.3623591006340794
0.0338139	88.69653714285715	1.3219717109954174
0.0341186	89.20481714285714	1.3445988085338534
0.0344232	87.06638000000004	1.3149272910668484
0.0347278	86.53020666666667	1.3232020408056644
0.0350324	86.23932190476192	1.3064545427231886
0.0353371	87.59899333333337	1.3021468378844403
0.0356417	83.86041142857141	1.281917757440369
0.0359463	82.28251904761906	1.2704777539538843
0.036251	81.38317428571429	1.272309730345778
0.0365556	81.73545142857142	1.253070656796137
0.0368602	81.97044952380953	1.2572245037941951
0.0371649	80.36077142857147	1.2497049450603928
0.0374695	80.20268476190482	1.2245408088828689
0.0377741	78.38605904761904	1.2334121743961708
0.0380787	77.25289238095243	1.2177843438999694
0.0383834	76.90243142857143	1.2199975191691408
0.038688	76.74188952380956	1.2143965419376466
0.0389926	73.76122857142862	1.1844711881842065
0.0392973	76.47797523809524	1.2128068664165756
0.0396019	73.62808761904766	1.1768396126369347
0.0399065	74.44759142857144	1.1818675040535827
0.0402112	74.36524666666666	1.1778691329886053
0.0405158	70.90674952380955	1.1584299842266839
0.0408204	71.18652761904762	1.167171619126147
0.041125	69.14013523809525	1.1380658805768125
0.0414297	71.46425714285714	1.1495921008629288
0.0417343	67.68616190476193	1.1359613942566695
0.0420389	66.39230095238096	1.12129839484705
0.0423436	66.29384000000002	1.1358090975720234
0.0426482	65.79086285714288	1.1137103908642163
0.0429528	65.41058380952384	1.1247740166913751
0.0432574	64.8411866666667	1.1319821387465578
0.0435621	63.380051428571434	1.1535695763005986
0.0438667	62.043428571428535	1.1607326292249054
0.0441713	60.69857523809527	1.1442040230662924
0.044476	61.3946704761905	1.1693786075795365
0.0447806	60.71692666666668	1.1498031497471137
0.0450852	59.65490857142858	1.1703614446692538
0.0453899	58.510873333333365	1.1567573311168833
0.0456945	58.1050904761905	1.1639098578330622
0.0459991	56.365172380952416	1.16043180471806
0.0463037	57.10489619047625	1.1626470989935256
0.0466084	57.74124000000002	1.1710367148202585
0.046913	55.71413523809524	1.1580295015834285
0.0472176	54.659807619047626	1.1636162856325762
0.0475223	55.082034761904765	1.1716141766590686
0.0478269	56.186892857142894	1.170049014328805
0.0481315	55.13792904761907	1.1716685223602015
0.0484361	51.54081809523811	1.1516900469767357
0.0487408	50.33391857142861	1.1554421620851922
0.0490454	52.760907619047615	1.1556691326757285
0.04935	50.39777333333335	1.1496973117543925
0.0496547	50.20911714285717	1.1660790106116756
0.0499593	51.29618476190477	1.1407967267010557
0.0502639	48.665937142857175	1.1475658772665347
0.0505686	47.23638952380951	1.128462899123262
0.0508732	47.59717666666667	1.1296029891686392
0.0511778	48.09164666666669	1.1354105187925343
0.0514824	47.46547761904765	1.1339564464334129
0.0517871	46.01912857142858	1.1320606487020237
0.0520917	46.567726190476264	1.1086632190285448
0.0523963	46.406657619047664	1.117345777809803
0.052701	42.23956857142856	1.1190509959333788
0.0530056	45.51713000000002	1.1124527394216799
0.0533102	44.37994952380956	1.120316878487739
0.0536149	42.413920952380934	1.086855268812196
0.0539195	42.662204761904775	1.110115187234073
0.0542241	43.67441190476188	1.1028323659240087
0.0545287	40.51479380952384	1.0803448870382413
0.0548334	40.02100714285716	1.0993848295426805
0.055138	40.426705238095224	1.0815047815425507
0.0554426	41.70211714285716	1.0976419240412103
0.0557473	39.61690380952382	1.0728550384379785
0.0560519	40.220266190476195	1.0818052429246472
0.0563565	39.417260952380985	1.0707046495685264
0.0566611	36.94102904761907	1.0674560722072346
0.0569658	38.54353380952381	1.079998300975479
0.0572704	37.84180523809525	1.0601860427688428
0.057575	37.42638285714288	1.067641318981942
0.0578797	36.74617809523808	1.0593165210273316
0.0581843	34.31779571428571	1.0508896309139817
0.0584889	35.477241428571446	1.0589331739675691
0.0587936	36.65911761904766	1.0463015420554496
0.0590982	34.365441428571444	1.05593437030148
0.0594028	34.813841904761915	1.0396554110113847
0.0597074	33.81710095238098	1.0390676453672736
0.0600121	32.81975285714286	1.0384073050162763
0.0603167	32.64830428571429	1.0294639675108783
0.0606213	33.24982857142854	1.0402415597444783
0.060926	31.53438666666669	1.0193322615609663
0.0612306	31.309584285714294	1.0242516754973012
0.0615352	31.754609047619084	1.028949255728382
0.0618398	30.900101428571418	1.0155348206178327
0.0621445	32.51645761904763	1.0262400404343333
0.0624491	30.911008571428553	1.0135068068659563
0.0627537	30.141433809523832	1.0140244677237238
0.0630584	28.908563809523827	1.0172092681550837
0.063363	29.719400000000007	0.9988266083794197
0.0636676	29.53118000000002	1.007672084770492
0.0639723	27.366897142857155	0.9930069762048583
0.0642769	29.139924761904766	1.003024888609082
0.0645815	25.878096190476228	0.9956863619309029
0.0648861	27.608356190476243	0.9904443599803359
0.0651908	28.04133761904761	0.9951097310242931
0.0654954	26.17626523809527	0.9810518942658453
0.0658	25.789142857142892	0.9883642465751464
0.0661047	26.844667142857148	0.9815448594227192
0.0664093	25.682297142857138	0.9758400212020656
0.0667139	25.510900476190443	0.9791614270387136
0.0670186	26.24406761904764	0.9781804273445545
0.0673232	25.69930190476191	0.9791394739218645
0.0676278	24.571774761904777	0.9605373247891172
0.0679324	25.888797142857157	0.9713784894300594
0.0682371	23.996032380952386	0.9627547573120238
0.0685417	22.317624761904767	0.9544328063407183
0.0688463	23.95551523809523	0.9632850846288398
0.069151	23.921727619047616	0.9556909059049191
0.0694556	24.2299480952381	0.9601792568480054
0.0697602	23.39164904761904	0.9502668331896345
0.0700648	22.274465238095246	0.9499311015937586
0.0703695	23.46264190476191	0.9569369882025244
0.0706741	24.121696190476214	0.9453408622337331
0.0709787	21.00460952380955	0.9466281695674981
0.0712834	21.797461904761946	0.9367829685477665
0.071588	21.73913666666668	0.9432572518272281
0.0718926	21.0586623809524	0.9404368566962461
0.0721973	19.820578571428584	0.9315932119495233
0.0725019	20.63214714285712	0.9366459489443176
0.0728065	20.048215238095253	0.9282937819641855
0.0731111	21.10197857142859	0.927513492536021
0.0734158	21.395199523809538	0.9419837359882894
0.0737204	19.983295714285717	0.9221406349749632
0.074025	19.35073904761903	0.9236168241238314
0.0743297	20.565515714285723	0.9179834824331214
0.0746343	18.499532857142853	0.9219654340996071
0.0749389	18.540553333333335	0.9157909536865515
0.0752435	19.589589523809536	0.9145899407045474
0.0755482	19.044299047619063	0.9211615252493318
0.0758528	18.427522380952382	0.909475865973089
0.0761574	18.01475000000002	0.9098633826396096
0.0764621	18.421155714285717	0.9036936707123597
0.0767667	17.085230476190503	0.9073402048093971
0.0770713	17.198420000000013	0.8996338834589199
0.077376	16.078693809523827	0.9008331655143016
0.0776806	17.65365952380955	0.9026757075001016
0.0779852	17.38083238095237	0.8925678126281507
0.0782898	17.235214285714292	0.9014386672005605
0.0785945	17.539125714285746	0.9092983681883728
0.0788991	17.32200714285716	0.8974397807041417
0.0792037	14.540686666666687	0.8870284288172422
0.0795084	15.00805000000004	0.8790698744655032
0.079813	15.815081904761882	0.8967296147907972
0.0801176	14.809951904761874	0.8795506821459843
0.0804222	15.591028095238102	0.8838202713401376
0.0807269	14.349222857142891	0.8743460961274354
0.0810315	14.49858571428571	0.8796361536171549
0.0813361	16.811455238095277	0.8874238868982173
0.0816408	15.250974285714278	0.8709325074819005
0.0819454	14.415924285714311	0.8786967626780928
0.08225	14.42705761904763	0.8747159420339236
0.0825547	15.582891904761922	0.8772028954710652
0.0828593	13.941726190476217	0.9061669257994881
0.0831639	13.140398571428591	0.9069969281514707
0.0834685	14.544954285714326	0.933976962657108
0.0837732	12.488027619047642	0.9389026544730281
0.0840778	14.19605904761903	0.9434408576422105
0.0843824	13.658530476190478	0.9534416069068204
0.0846871	14.120635238095232	0.9540121134246567
0.0849917	14.079032380952384	0.977653132818586
0.0852963	12.704570000000004	0.968161750204036
0.085601	13.151659047619063	0.9770591647062289
0.0859056	12.684634761904775	0.9823235511978543
0.0862102	13.619334285714302	0.9778528218094295
0.0865148	14.127867142857156	0.992903066517657
0.0868195	13.14501761904765	0.97893133022984
0.0871241	12.179678095238131	0.9872061542688125
0.0874287	12.521479999999983	0.9894504131025654
0.0877334	11.376319523809528	0.9845316996167907
0.088038	11.19660809523809	0.9452976735840882
0.0883426	11.143739523809543	0.9162360053185125
0.0886472	11.34862904761907	0.9204838189657716
0.0889519	11.255681428571407	0.9046726338098695
0.0892565	12.753913333333358	0.8999467845505315
0.0895611	13.695616666666666	0.8932898978445355
0.0898658	11.57442571428571	0.8780519363546118
0.0901704	10.58305904761906	0.8822200494777908
0.090475	10.528059523809532	0.8597755039976261
0.0907797	11.182966190476222	0.8684835465522743
0.0910843	11.8668161904762	0.867385842812387
0.0913889	11.388626666666681	0.8610119989182597
0.0916935	11.836969523809529	0.8645561069571057
0.0919982	11.197538095238073	0.8496472426060181
0.0923028	7.87055152380951	0.8521699563608459
0.0926074	10.796574761904779	0.8513888397896073
0.0929121	10.150250476190493	0.8457536320184774
0.0932167	9.929469999999995	0.8479706938453375
0.0935213	11.228317619047644	0.8462109532385387
0.0938259	9.225001428571446	0.8449854983221804
0.0941306	11.636586666666673	0.845174169271506
0.0944352	9.208828095238133	0.8418775745560746
0.0947398	9.540000952380964	0.8335723274876032
0.0950445	8.290620952380948	0.8356815512181366
0.0953491	8.993818571428577	0.837395251030969
0.0956537	8.976024285714303	0.8272585590944945
0.0959584	9.37255285714285	0.8286915579884857
0.096263	9.604051904761931	0.8283349112439803
0.0965676	8.936515714285733	0.8350055352965501
0.0968722	9.324347619047643	0.8324583229136703
0.0971769	9.076870952380943	0.8202506237377671
0.0974815	11.17833380952382	0.8334958096309907
0.0977861	8.25690047619048	0.8186990622018675
0.0980908	8.782410952380985	0.8249511522946306
0.0983954	8.147515714285746	0.8206640646737217
0.0987	10.273858095238083	0.819653957367843
0.0990047	10.401566666666668	0.8254838566323848
0.0993093	10.38428809523812	0.81807181915304
0.0996139	9.00955523809526	0.8185956327513583
0.0999185	9.293675714285712	0.8130040011475937
0.100223	9.03944523809524	0.8119726794974714
0.100528	8.637024285714304	0.8153242931147683
0.100832	9.429450476190482	0.8119887311825154
0.101137	9.222219999999993	0.8132961896074468
0.101442	9.168759523809555	0.8043973954238387
0.101746	9.64988666666666	0.8116528487355834
0.102051	8.551812857142835	0.8130203217482045
0.102356	7.870966190476196	0.7992713616362129
0.10266	8.333139999999986	0.8037409760293338
0.102965	7.822707142857155	0.7954259203584138
0.103269	7.139646666666707	0.7986912080897948
0.103574	8.419305238095248	0.7983565120173717
0.103879	8.021580000000014	0.7955802614661961
0.104183	7.512040952380971	0.7992649899374233
0.104488	8.005998095238112	0.7930077163251904
0.104793	6.909909523809532	0.7937397401927523
0.105097	7.970983333333365	0.7906850149931213
0.105402	8.165557619047632	0.7917373635646034
0.105707	6.378240952380949	0.7926278785943713
0.106011	6.896946666666679	0.785953801098781
0.106316	7.750415714285737	0.7889367467591434
0.10662	6.79519619047619	0.782642665903371
0.106925	7.702968571428599	0.784271224142282
0.10723	8.642040476190502	0.7954100613369003
0.107534	7.734694285714269	0.7852659595051344
0.107839	7.559126666666685	0.7805091075987892
0.108144	7.671761904761894	0.7784351624984499
0.108448	6.4408408571428595	0.7795620281398217
0.108753	7.509208095238108	0.7767728894103564
0.109057	6.163002857142843	0.7760427976923487
0.109362	6.8181852380952535	0.7818789330641306
0.109667	7.088291428571452	0.7771265848276702
0.109971	5.358367809523827	0.772557105212217
0.110276	6.120408095238105	0.7695054756546857
0.110581	5.405261142857157	0.7688598905930203
0.110885	5.92569828571429	0.7728417525867554
0.11119	6.7416757142857335	0.7691592914418576
0.111494	6.919591428571465	0.7734911622798508
0.111799	5.977873333333349	0.7635283781950488
0.112104	7.494951904761919	0.7702896165231354
0.112408	7.391360952380964	0.7691661046506207
0.112713	5.939752476190463	0.7639791999755855
0.113018	5.855020380952396	0.7661588852235595
0.113322	6.750831714285695	0.7579346584336809
0.113627	7.079638380952389	0.7704264117974734
0.113931	5.958647523809546	0.7553361290515875
0.114236	7.785206000000002	0.7657291439471009
0.114541	6.31245428571431	0.7589457720091316
0.114845	6.1861861904762065	0.7566664017631911
0.11515	7.458571428571446	0.7659003911127612
0.115455	8.182651428571432	0.7611245190166974
0.115759	5.273883809523824	0.7528300182604091
0.116064	6.742522380952394	0.7584907370495716
0.116369	5.443322380952395	0.7496997624726084
0.116673	5.6183859047619364	0.7528990973830714
0.116978	6.745990476190514	0.7520596858172617
0.117282	5.130020285714309	0.7515191969797879
0.117587	5.863626666666676	0.7504000921589198
0.117892	5.412656095238134	0.745472631589273
0.118196	5.297834190476223	0.7444863535513235
0.118501	6.06352714285714	0.7510304657400056
0.118806	5.173777047619055	0.7457659648778385
0.11911	5.282571428571416	0.7475471909368522
0.119415	5.062947142857155	0.7420577960605241
0.119719	5.141479238095229	0.7414823363017095
0.120024	5.516941999999986	0.7448008367484062
0.120329	5.328328285714278	0.7388132180971112
0.120633	5.212468761904788	0.742033518318807
0.120938	5.536850476190494	0.7401425903424433
0.121243	5.177147047619073	0.7400008940011443
0.121547	6.959863333333331	0.7450599295071598
0.121852	5.941945142857165	0.7362956309328347
0.122156	5.510500952380951	0.7353141457669535
0.122461	6.590008000000012	0.7402510189253185
0.122766	4.8905044761905	0.7378290407724089
0.12307	6.002600476190494	0.7300185326994608
0.123375	5.174846857142882	0.7345966751064241
0.12368	6.182360190476203	0.7291983224576593
0.123984	5.416505904761891	0.7355485378997795
0.124289	4.104808476190513	0.7260158520197157
0.124594	4.737749714285741	0.7318730365226551
0.124898	4.498492380952385	0.7269262668629118
0.125203	4.276565714285738	0.7265236429174311
0.125507	5.790424285714309	0.7284953855007564
0.125812	4.487100857142877	0.7235506502922319
0.126117	4.872611238095246	0.7308493050261481
0.126421	4.789756190476169	0.722334863759049
0.126726	5.745128952380966	0.7391872782669462
0.127031	4.682963428571412	0.7549985677291321
0.127335	3.958733238095249	0.749769408449166
0.12764	4.526579619047652	0.7709011709147626
0.127944	4.478756000000018	0.7775030544776355
0.128249	5.032362571428607	0.7831514356426271
0.128554	5.116835619047649	0.7815594397407725
0.128858	5.188582476190476	0.7706665677316413
0.129163	4.184328857142873	0.7621558833605624
0.129468	5.071675904761932	0.7507194249534083
0.129772	4.456554190476183	0.7458201928672387
0.130077	4.482098761904751	0.7430723970542751
0.130381	5.678217619047643	0.7489039073516642
0.130686	3.71442571428571	0.7417128823911874
0.130991	3.8035948571428833	0.733556232338984
0.131295	4.366664857142865	0.7421176183433301
0.1316	3.8389401904761797	0.7340012875717978
0.131905	4.229743619047639	0.7351996387626216
0.132209	4.3124341904762105	0.7389989634876966
0.132514	3.6277673333333667	0.7265220735075054
0.132819	5.334942857142863	0.7384455048068851
0.133123	5.554168190476219	0.7306581257480581
0.133428	3.6699568571428784	0.7255057790711132
0.133732	3.9893211428571647	0.7255146074531917
0.134037	3.429218952380964	0.7203681653047694
0.134342	5.677760380952392	0.7308289742444836
0.134646	5.022841238095253	0.7119618584677188
0.134951	4.0515581904762	0.7153997257321666
0.135256	3.0064267619047484	0.7092810965129989
0.13556	3.8087799999999987	0.7145030638760834
0.135865	5.203232476190479	0.7135428718816161
0.136169	3.9818925714286024	0.7029330049420109
0.136474	4.533278666666675	0.7108940284413786
0.136779	3.766307619047595	0.7053628743489568
0.137083	4.643477904761923	0.7078150175930523
0.137388	5.286561047619074	0.706985552811304
0.137693	4.153527333333344	0.698444536948774
0.137997	2.6473996190476328	0.7064385529758552
0.138302	3.9569525714285874	0.7011977896631917
0.138606	4.016469428571426	0.7047463350306954
0.138911	5.456801714285746	0.6992962642262679
0.139216	5.449723047619031	0.706660849192285
0.13952	4.202647523809517	0.704017956576091
0.139825	4.504045714285709	0.6951728530869349
0.14013	3.660475428571445	0.6948472982879899
0.140434	4.29691733333334	0.6949511996879708
0.140739	3.6896395238095465	0.6994308474542876
0.141044	3.7769310476190583	0.693681436102952
0.141348	4.060576857142877	0.6967920574694985
0.141653	3.979022571428601	0.6977490131738178
0.141957	2.5375173333333407	0.6877341965835294
0.142262	3.38373152380953	0.695793508199233
0.142567	3.574674857142867	0.687067403980992
0.142871	3.7176159047619137	0.6889386210540536
0.143176	2.95717790476192	0.6913136251513
0.143481	3.219352571428601	0.688556802421335
0.143785	4.554833809523814	0.6913796628960349
0.14409	4.375778190476183	0.6870170531310114
0.144394	4.5722117142857	0.6894262097982218
0.144699	3.653815904761913	0.6883411404907126
0.145004	4.511378666666673	0.6854938100121211
0.145308	4.148535428571435	0.689252558206166
0.145613	3.431098380952392	0.6809174219945866
0.145918	3.229056095238093	0.6871825136732448
0.146222	3.0164132380952537	0.6824688731118375
0.146527	3.5263817142857334	0.6804314741339855
0.146831	2.6820424761904746	0.6869542137809665
0.147136	3.2392766666666972	0.6769292856424999
0.147441	3.454391523809548	0.7054320224318154
0.147745	3.4823570476190753	0.7122731223402818
0.14805	2.9016446666666837	0.7158175452788631
0.148355	3.9219302857142964	0.7350662921871518
0.148659	4.355614380952375	0.7337992530152069
0.148964	3.0121104761905	0.7435318503496018
0.149269	3.1355119047618984	0.7346862614368249
0.149573	3.284524666666684	0.7466862816656012
0.149878	2.9884657142857236	0.747681355514508
0.150182	3.5600709523809826	0.7448364536493816
0.150487	2.4724356190476158	0.7515885998122195
0.150792	4.478365142857157	0.7500745053073338
0.151096	3.9188840952381128	0.7559646875081587
0.151401	3.9497879047619193	0.7486196919557321
0.151706	3.831948095238104	0.7518668525585728
0.15201	3.703606476190501	0.7538140466486968
0.152315	2.451272857142868	0.7448919454201685
0.152619	4.535057999999992	0.7294012983922951
0.152924	2.720406666666662	0.7076971617287492
0.153229	2.7774026666666742	0.702398038219042
0.153533	2.6228221904761853	0.701044748865151
0.153838	2.0321466666666623	0.6888210793629727
0.154143	2.7963910476190392	0.6955471392566809
0.154447	2.3198474285714354	0.6844223438774061
0.154752	2.4706732380952587	0.6882653107465717
0.155056	3.078001333333347	0.6867649753001399
0.155361	3.492380666666662	0.6876197330677393
0.155666	2.3112573333333586	0.6886544434329664
0.15597	3.7746883809523837	0.6822393979116512
0.156275	4.216945523809528	0.6912910732917874
0.15658	3.859629619047624	0.6833393345937524
0.156884	2.700622095238117	0.6811773749231771
0.157189	3.889168571428584	0.6843786316501052
0.157494	2.9961793333333304	0.6739505243612856
0.157798	2.5932229523809553	0.6798230826652498
0.158103	2.8314862857143055	0.672227316480815
0.158407	2.2776651428571455	0.6742521366145269
0.158712	2.3887390476190546	0.677723753189607
0.159017	3.3269399047619146	0.6762707186222702
0.159321	2.698876952380971	0.6757012305723027
0.159626	3.364985333333351	0.6657904282179073
0.159931	2.3599801904761932	0.6738281599828582
0.160235	2.9602128571428636	0.6723637764381581
0.16054	2.602881428571436	0.6696242043480974
0.160844	3.6777486666666874	0.673378851955235
0.161149	2.5866213333333405	0.663619913143387
0.161454	3.593329333333358	0.6738613069571627
0.161758	3.12586561904763	0.6636310820374075
0.162063	2.2978923809523906	0.665072878208986
0.162368	2.721974857142868	0.662617715406402
0.162672	3.2780067619047912	0.6643104018278423
0.162977	2.1363823809523836	0.6678656446709674
0.163281	2.575626095238121	0.6567175312136327
0.163586	2.498676095238096	0.6623551344789387
0.163891	2.6328765714285964	0.6635785391099005
0.164195	2.800370095238094	0.6582384217177901
0.1645	3.940159047619062	0.6641133417488994
0.164805	2.4353836190476272	0.6553977910821416
0.165109	2.02776352380954	0.6575583884398736
0.165414	3.1632306666666636	0.658743856020413
0.165719	2.86327533333332	0.654050918130395
0.166023	2.7314032380952256	0.6589447703991067
0.166328	3.1431240000000145	0.6544882303443594
0.166632	3.934742476190493	0.6598138660551218
0.166937	3.81290219047618	0.6519410181340063
0.167242	3.7940346666666613	0.6553436081924467
0.167546	2.7295624761904946	0.6536261384498173
0.167851	2.793982666666693	0.6548743112401111
0.168156	2.8520678095238168	0.6494863493285526
0.16846	2.3323516190476	0.6493088041846604
0.168765	2.582492666666653	0.6513065906740658
0.169069	0.5279813333333436	0.6439093174023378
0.169374	2.6288453333333592	0.6487052714008041
0.169679	1.6500645714285866	0.6482961339183458
0.169983	2.21944419047621	0.6428725371683257
0.170288	1.873886571428585	0.6487494327574189
0.170593	2.2945084761904724	0.64422748372759
0.170897	2.3189558095238283	0.6456495527384027
0.171202	1.6545406666666906	0.6417953320688551
0.171506	2.73654904761905	0.6463771838593758
0.171811	1.9299802857142936	0.6478014413457909
0.172116	2.344734476190496	0.6354947721746563
0.17242	1.4693736190476159	0.6400381968926384
0.172725	1.4140699047619307	0.6371879362604668
0.17303	2.4540903809523797	0.644627265108679
0.173334	2.1714903809523918	0.6434265394439698
0.173639	2.177971333333332	0.6325256323965498
0.173944	2.068376000000015	0.6443866278507712
0.174248	1.467078761904773	0.6335477339348434
0.174553	1.5888890476190625	0.6392276048766601
0.174857	2.4621240952381243	0.6350720975113706
0.175162	2.748947428571441	0.6378187611302114
0.175467	1.8232356190476082	0.6393641589504012
0.175771	1.5703295238095194	0.6306859822881661
0.176076	2.4259591428571525	0.6382107531965494
0.176381	2.5249212380952457	0.6308912091104713
0.176685	2.801853047619062	0.6362391352975266
0.17699	1.5381272380952566	0.6364834596081557
0.177294	1.176222761904782	0.622582540228678
0.177599	2.289247047619071	0.6342964479619574
0.177904	2.0472214285714756	0.6308073892446061
0.178208	1.1490927619047682	0.6283935447537764
0.178513	0.9951764761905224	0.6313780500108906
0.178818	2.4103980000000007	0.6270195743116797
0.179122	0.9140385714285628	0.6303881137190451
0.179427	2.388872952380993	0.628273116591227
0.179731	2.2189447619047797	0.6270389500547284
0.180036	1.3415001904762107	0.6273175706271673
0.180341	0.7005758095238264	0.6210367663790511
0.180645	2.280545619047629	0.6313353434027137
0.18095	0.8905579047619057	0.6238565057209805
0.181255	2.3156567619047763	0.6269867473993024
0.181559	2.0156258095238258	0.6275213999114231
0.181864	2.0511681904762042	0.6228635194102734
0.182169	2.277695619047634	0.6273781450970245
0.182473	0.5704902857142997	0.6202637700555261
0.182778	1.8303159047619317	0.6218075006667744
0.183082	1.913334285714285	0.621627576395045
0.183387	1.7635865714285757	0.6227245807960965
0.183692	1.6481474285714341	0.6221200332704547
0.183996	1.8973683809524147	0.6226117674752341
0.184301	1.0245491428571398	0.6175195009670678
0.184606	2.433003714285718	0.622069009751217
0.18491	1.4721764761904979	0.6191545671046379
0.185215	1.6699677142857468	0.6152266408301265
0.185519	1.7121830476190638	0.6213065162984623
0.185824	1.7569553333333232	0.61923747325046
0.186129	1.9459957142857434	0.6153758519169678
0.186433	1.6225405714285728	0.6195892003671393
0.186738	0.7325551428571515	0.6096102886618995
0.187043	1.18040533333334	0.6158570306353747
0.187347	2.8990322857143127	0.6175091262440126
0.187652	1.7148629523809547	0.6125598563014426
0.187956	1.1351871428571485	0.6138620551893297
0.188261	1.7767883809523966	0.611367561869261
0.188566	1.8805800000000232	0.6154611735387843
0.18887	1.5165555238095436	0.6123150132102468
0.189175	1.415426380952411	0.6095633019213267
0.18948	0.911437333333339	0.6099028521418127
0.189784	1.9283624761904719	0.6100310873275643
0.190089	2.73717400000001	0.6150866555292797
0.190394	1.715926761904754	0.6081150184049828
0.190698	2.0531340000000142	0.6097036704052836
0.191003	1.786354571428575	0.6133560816614302
0.191307	2.228346285714281	0.6086948995428426
0.191612	2.04083342857146	0.6108901821157792
0.191917	2.9506685714285794	0.6054599221431488
0.192221	1.1888801904761976	0.6070475407766573
0.192526	2.0208725714285833	0.6074010282232011
0.192831	0.8914167619047504	0.6049574272077617
0.193135	1.4117464761904728	0.6042273169599675
0.19344	0.8598780952381162	0.5998126811293816
0.193744	1.5514675238095208	0.6059356219407439
0.194049	1.8677481904762345	0.6043929477961523
0.194354	0.9147846666666624	0.5989264569768034
0.194658	1.0460732380952606	0.6011099836539521
0.194963	1.3295041904762002	0.5989382773093349
0.195268	2.4529549523809635	0.603034246129883
0.195572	2.305483714285714	0.5986000638753632
0.195877	1.6253873333333502	0.6002397528629316
0.196181	0.9287585714285882	0.598564366255726
0.196486	2.2188117142857067	0.597908799822422
0.196791	1.6297537142856982	0.5990306251432328
0.197095	1.566110761904767	0.5943783935903829
0.1974	1.5309502857143116	0.5986665634708465
0.197705	2.0085077142857273	0.596204326992877
0.198009	1.7219360000000279	0.5966184694390301
0.198314	1.958407904761927	0.5991604190198337
0.198619	1.8683301904762146	0.5945159874424473
0.198923	2.7421571428571667	0.6010313064561179
0.199228	1.6741104761904921	0.5960517753046992
0.199532	1.953620952380973	0.5939115088211386
0.199837	1.9492025714285717	0.5987165205217325
0.200142	1.1217222857143128	0.592743984534056
0.200446	1.8258592380952479	0.5978819935662508
0.200751	0.6604419047619245	0.5923340962373301
0.201056	1.5584349523809635	0.5930710219673372
0.20136	1.9280814285714456	0.5948155876833473
0.201665	1.68167714285714	0.5901591821717153
0.201969	1.552431142857131	0.5956711723887504
0.202274	1.344298190476195	0.5894587020016934
0.202579	0.6806731428571453	0.5914545547498307
0.202883	0.8407121904762249	0.5877749948324421
0.203188	0.9823250476190708	0.5919792009058176
0.203493	1.1014896190476264	0.5937485502485862
0.203797	0.7686801904762177	0.5869302675815748
0.204102	1.682109619047651	0.5938230552093369
0.204406	1.6896013333333428	0.5854856688834644
0.204711	1.580590190476201	0.5880340279585984
0.205016	1.1129920952380985	0.5849558472214414
0.20532	0.7914008571428752	0.5898699869303744
0.205625	0.9148091428571803	0.5870328835480534
0.20593	1.5557819999999936	0.5828598765853524
0.206234	2.351922190476202	0.5906272752663558
0.206539	0.6930394285714527	0.583574206474545
0.206844	1.7708320952380916	0.5844249271845348
0.207148	1.1203202857142855	0.5865079113818843
0.207453	1.5518472380952204	0.5798025429480349
0.207757	0.7560369523809527	0.5841517093157443
0.208062	1.2583670476190605	0.5831831243363924
0.208367	0.7055060952381211	0.5817471010274687
0.208671	1.0866391428571376	0.5821825817127132
0.208976	1.835930857142884	0.5829422844667493
0.209281	1.2952925714285755	0.5838950075932212
0.209585	1.8170901904762076	0.5795793036513799
0.20989	1.5727654285714294	0.5813294329430301
0.210194	0.07000685714287158	0.5793089402319492
0.210499	2.226088285714283	0.5815520952854117
0.210804	2.0616576190476223	0.5823396417542297
0.211108	1.151345714285739	0.5781182121515109
0.211413	1.2716945714285828	0.5783739065450816
0.211718	0.644411047619073	0.5812654724141791
0.212022	1.4947088571428537	0.5932605464691396
0.212327	2.181486857142872	0.6057718737671111
0.212631	1.2362220000000121	0.6076053816466518
0.212936	0.8689056190476236	0.6160735943358351
0.213241	1.2301123809523915	0.6175388623292346
0.213545	1.1197864761905123	0.6161045230063733
0.21385	1.321337238095225	0.6174525001378371
0.214155	1.569032761904765	0.6213159841513025
0.214459	0.5285089523809461	0.622129884865625
0.214764	2.1131780000000333	0.6255654282498976
0.215069	0.9959664761905032	0.623344210196539
0.215373	0.5340114285714321	0.6252617868597603
0.215678	1.6457317142857164	0.6316755940340948
0.215982	0.6324747619047457	0.6274051985189726
0.216287	0.9863347619047858	0.6280450567297637
0.216592	1.0206014285714673	0.6339369575510448
0.216896	0.964949238095258	0.6283081942158647
0.217201	-1.04874599999998	0.6091120734738321
0.217506	0.5871740952381117	0.600152446230099
0.21781	0.8796727619047857	0.5966959793806635
0.218115	1.2502680000000197	0.5968085487413863
0.218419	0.5878722857143117	0.586147124366587
0.218724	0.7089914285714372	0.5922588055773724
0.219029	0.5623055238095276	0.5854695145327303
0.219333	0.36638780952381467	0.5872773053079472
0.219638	1.8224840952380958	0.590796700264345
0.219943	1.545255714285716	0.581576394046403
0.220247	0.1572561904762182	0.5866647699426701
0.220552	1.5094619047619346	0.5827732753111726
0.220856	0.30471466666668334	0.5842059642248677
0.221161	2.4639780000000258	0.5878920956673954
0.221466	0.7332331428571592	0.5742046587709377
0.22177	0.6910823809524089	0.5839588510306819
0.222075	1.8813985714285906	0.5792837142913081
0.22238	-0.2987217142857048	0.5769446971912899
0.222684	1.5517522857143007	0.5792150078422835
0.222989	1.1299439999999947	0.5759453390755399
0.223294	1.8226049523809849	0.5818202027997654
0.223598	1.5105443809523962	0.5750657386304376
0.223903	1.3891151428571504	0.575287487875635
0.224207	1.4958192380952369	0.5760041725100058
0.224512	0.004771238095230501	0.5707793318318759
0.224817	0.6287971428571524	0.5749275298588039
0.225121	1.581775809523819	0.5715800363354521
0.225426	1.3056972380952487	0.5737984090978329
0.225731	0.7400440952381047	0.5713416563070728
0.226035	1.9086848571428732	0.5746613607816913
0.22634	1.2502980952380938	0.5716445891685089
0.226644	0.362380380952402	0.567203199374313
0.226949	0.46982504761908217	0.5703415411089184
0.227254	0.4618875238095228	0.5683245002209462
0.227558	1.109216190476218	0.5693437998813865
0.227863	1.125787523809521	0.5661587123198025
0.228168	1.6445811428571488	0.5701364451614414
0.228472	1.044005904761903	0.5706858035679281
0.228777	1.0075747619047775	0.5636464571912232
0.229081	1.0647856190476261	0.566526623913601
0.229386	-0.10546647619045757	0.5618008589555555
0.229691	2.3164651428571545	0.5707627281758638
0.229995	0.7582187619047716	0.567063428658528
0.2303	1.2013739047619083	0.5624175841782919
0.230605	0.598293047619066	0.5618653882065311
0.230909	1.3095611428571345	0.5637642890707645
0.231214	0.6049212380952724	0.5657027270336049
0.231519	1.2186003809524095	0.5623694932980006
0.231823	0.9859324761904702	0.5587031550899553
0.232128	1.9184528571428672	0.5658746475345133
0.232432	1.580340380952407	0.562196017298074
0.232737	1.8524401904762016	0.5626206923387672
0.233042	0.9680667619047796	0.5569103510674881
0.233346	0.9323178095238518	0.5603645925996473
0.233651	0.39026990476193646	0.5615856419618623
0.233956	-0.22662828571426985	0.552754517420204
0.23426	1.0151584761904786	0.5592340094902055
0.234565	1.5829820952380942	0.5552462061879355
0.234869	0.45296571428573884	0.5578120649780733
0.235174	0.6076420952380914	0.5575499984645118
0.235479	1.1263369523809672	0.5561029554125384
0.235783	1.3084220000000073	0.5576275303134416
0.236088	1.503443047619072	0.5557539726303211
0.236393	1.4123699047618885	0.5597624869981245
0.236697	0.34581314285715337	0.5498938555252024
0.237002	1.1783454285714328	0.5566692589003122
0.237306	0.6416009523809407	0.5574846411329205
0.237611	0.9412432380952396	0.5520109854152241
0.237916	0.566543047619021	0.5547714789688357
0.23822	1.9135522857142604	0.5543918706927984
0.238525	2.036312190476224	0.5558941209803959
0.23883	0.3102046666666638	0.5525524281990464
0.239134	1.0073558095238155	0.549203230729438
0.239439	1.128315238095226	0.5527810858096652
0.239743	0.8329339047619158	0.5479877936320067
0.240048	0.5686513333333494	0.5517160469570666
0.240353	1.0466954285714394	0.5521495601671933
0.240657	0.19079419047618273	0.5484117219551349
0.240962	0.6158189523809625	0.5519771556489166
0.241267	1.9254464761905012	0.5486218615819298
0.241571	0.8887923809524096	0.5501858522033212
0.241876	0.46699504761906496	0.548476058468583
0.242181	0.8589541904761973	0.5472109196748776
0.242485	0.7294463809523961	0.5514864940097438
0.24279	1.2004399047619074	0.5470537018655669
0.243094	0.17301190476190698	0.5446722235554405
0.243399	0.3950177142857427	0.5453842320153373
0.243704	0.07421723809522973	0.544804313776335
0.244008	1.060042952380968	0.5467509671992854
0.244313	1.2419700000000233	0.5438500430468706
0.244618	1.3769578095238444	0.5448680597230279
0.244922	1.5214969523809572	0.5465017019479523
0.245227	0.07521266666667259	0.543620558786577
0.245531	1.6047007619047662	0.546274779160614
0.245836	1.862551523809529	0.544736324954018
0.246141	0.3000869523809655	0.5445811440238891
0.246445	0.742921428571421	0.5415813527082626
0.24675	1.093069904761947	0.5432603053480954
0.247055	0.7910345714285825	0.5417134534400729
0.247359	0.5423905714285979	0.5399059486118464
0.247664	0.0753504761904793	0.5388163641129563
0.247968	0.7105924761904987	0.5398439237006187
0.248273	0.39091142857145655	0.5410776658047995
0.248578	1.1085139047619208	0.5380081213711376
0.248882	0.6212849523809467	0.5397222183897128
0.249187	1.9506049523809565	0.5391068811817081
0.249492	1.1855569523809493	0.5389889790258491
0.249796	0.7982260000000139	0.537664453027595
0.250101	0.009091428571437632	0.5330081025770989
0.250406	0.9347354285714431	0.5420683889057459
0.25071	1.575464857142876	0.5353894362791757
0.251015	0.10104733333334082	0.535361052081124
0.251319	0.6918907619047729	0.5364401011684853
0.251624	1.7410580000000238	0.5350340812768167
0.251929	0.6722614285714457	0.5395763416354135
0.252233	-0.494437809523788	0.5317061529964612
0.252538	0.4889021904761961	0.535830222957134
0.252843	0.385620476190482	0.5332775013061528
0.253147	0.2300005714285902	0.5347779066318435
0.253452	1.4104354285714606	0.5391429556567566
0.253756	0.893243619047638	0.5312752492789398
0.254061	0.8790030476190509	0.5353110135486423
0.254366	0.8025166666666621	0.5335487161595579
0.25467	0.9339710476190533	0.5326541013275125
0.254975	0.5165199047619353	0.5350002206569978
0.25528	1.7019711428571611	0.5323909310772563
0.255584	0.6727920952381083	0.5338217415621119
0.255889	0.3815823809523806	0.5326025904177746
0.256193	-0.3075090476190354	0.5295765827249734
0.256498	1.2678760000000011	0.5322540975087119
0.256803	0.698124857142858	0.52988282180156
0.257107	-0.11131847619047619	0.5304555638056332
0.257412	0.6803996190476198	0.5294711656138302
0.257717	1.9813934285714367	0.5328780131247346
0.258021	0.6289851428571467	0.5296272364018568
0.258326	0.7310280000000375	0.5296464249790543
0.258631	1.1391098095238021	0.5320191783694282
0.258935	1.1443120952380923	0.525700378351282
0.25924	1.2837698095238181	0.5323047981226423
0.259544	0.9000174285714309	0.5280981473906845
0.259849	1.0803701904762022	0.5279913363510748
0.260154	0.6311961904761887	0.5269848463433542
0.260458	0.06059676190476182	0.5248409064765001
0.260763	0.36819466666668177	0.5290854975489496
0.261068	0.5028042857142765	0.5235820465631494
0.261372	0.939397619047611	0.5285171133133225
0.261677	0.6076100000000082	0.5266110518533554
0.261981	0.8441063809523968	0.524806678032792
0.262286	0.22365857142857237	0.5277953215560495
0.262591	0.1512522857142926	0.5212245097370545
0.262895	-0.19735114285714417	0.523853156640884
0.2632	0.45834619047619185	0.5253657702229881
0.263505	0.8019692380952534	0.5252859214869608
0.263809	0.5261716190476449	0.5235190671765663
0.264114	0.9562627619047817	0.5199705158551247
0.264418	1.3847488571428528	0.5261657265745339
0.264723	0.8700956190476319	0.5250099260414421
0.265028	1.036182476190504	0.5241605736161076
0.265332	1.23226485714288	0.5219756380993041
0.265637	0.31152190476190356	0.5214872299984159
0.265942	0.5684354285714335	0.5249702374284447
0.266246	0.806909523809523	0.5187841344156802
0.266551	1.0496820000000184	0.5219067300720291
0.266856	-0.410310285714246	0.5189383899883119
0.26716	1.1020622857142826	0.5240488898632862
0.267465	0.4191395238095197	0.5190209832218082
0.267769	1.22471933333334	0.5201783756686515
0.268074	1.25825057142859	0.5221514043967945
0.268379	0.6072119047619253	0.5191572913533806
0.268683	0.5904539047619153	0.5207894244052845
0.268988	-0.3802766666666457	0.5148313106516214
0.269293	-0.014093428571413824	0.5149270029045278
0.269597	1.079037428571425	0.5200232201269502
0.269902	0.91701657142859	0.5171763353122648
0.270206	0.07681247619046871	0.5173905306149049
0.270511	0.8308360952381122	0.5178091351415541
0.270816	0.5652184761904948	0.5166494298855883
0.27112	0.16392600000000357	0.5197337641549176
0.271425	1.1762010476190454	0.5130854777384913
0.27173	1.2684233333333452	0.5173586421675284
0.272034	0.9624267619047799	0.5134655900809114
0.272339	0.37707990476189934	0.5154453683479678
0.272643	0.7297111428571554	0.5196413694644807
0.272948	0.7813420000000377	0.5106174511975574
0.273253	1.4438132380952595	0.51767362749803
0.273557	1.0778173333333712	0.5144528951196236
0.273862	1.0054527619047775	0.5138150515894729
0.274167	0.5561570476190241	0.5156255226709308
0.274471	1.4322080000000312	0.5128961331228192
0.274776	1.0578917142857307	0.5157643210716237
0.275081	1.1746577142857575	0.5116543006117232
0.275385	0.675372380952382	0.511541187323566
0.27569	0.2515030476190532	0.512249211964086
0.275994	0.9526223809523771	0.5130910706628027
0.276299	0.47352057142860815	0.5143570929082056
0.276604	0.6695232380952518	0.5233699218372163
0.276908	0.5917020952380909	0.5302461368870487
0.277213	1.4281946666666983	0.5435619302613535
0.277518	0.36708885714286055	0.5593757740408943
0.277822	0.3775644761904573	0.5618918147346706
0.278127	0.2539609523809645	0.5709922277530509
0.278431	0.45235228571428365	0.5780667184685441
0.278736	0.6840100952381079	0.5822118823914229
0.279041	0.07568990476191573	0.5893021341644704
0.279345	1.1934590476190579	0.592915497445933
0.27965	0.6737103809524001	0.6011482943001859
0.279955	1.0040385714285804	0.6111014472256056
0.280259	0.10247695238095389	0.6089356802459878
0.280564	1.5956387619047518	0.6192637949819283
0.280868	1.0021922857142869	0.6124597845218349
0.281173	1.7144938095238302	0.624783705591793
0.281478	1.7107135238095452	0.630974971413078
0.281782	1.2290760952380992	0.6201951351232162
0.282087	0.3421921904762115	0.6335265050892923
0.282392	0.6264416190476254	0.6280342679841013
0.282696	-0.3362758095238121	0.635705119988796
0.283001	1.2321393333333504	0.6393649690341188
0.283306	0.27031095238095304	0.6346506897122006
0.28361	0.6348328571428681	0.6440585176554935
0.283915	0.8674092380952487	0.6415828757530031
0.284219	0.7825780000000009	0.6486747080959782
0.284524	0.14057428571427977	0.6492305682099683
0.284829	-0.275052857142839	0.6461543777712403
0.285133	0.12543200000000354	0.6584416395559276
0.285438	0.5331188571428669	0.6519202946374155
0.285743	0.1989052380952785	0.6633259470352113
0.286047	0.5500529523809519	0.657654521054394
0.286352	0.6794857142857325	0.6621765645989091
0.286656	1.1756748571428801	0.6702341908973004
0.286961	1.9455716190476124	0.6665087119922414
0.287266	0.08071190476191248	0.6707150087110297
0.28757	-0.476164380952369	0.6675077308875822
0.287875	0.8662646666666802	0.6789478883988124
0.28818	0.9767485714285726	0.6755804550053672
0.288484	-0.1651615238095019	0.6789332532056288
0.288789	0.907416095238105	0.6857299105107396
0.289093	0.34720409523811213	0.6812928750685476
0.289398	1.1507819999999782	0.6854988948103053
0.289703	1.0413210476190784	0.6835498942880885
0.290007	0.739652761904793	0.6847743811801996
0.290312	-0.7805480000000102	0.6870585249412565
0.290617	0.7744885714285914	0.6871361760808491
0.290921	1.8208915238095074	0.6950281438969614
0.291226	-0.01742533333332119	0.6819298683640246
0.291531	0.21296485714286462	0.6978835948848217
0.291835	0.711810000000014	0.6990313759086281
0.29214	0.6055168571428737	0.6918034349973609
0.292444	1.639891142857138	0.707607589214421
0.292749	0.5181759047619039	0.696809111053693
0.293054	0.9803632380952507	0.7109726556564612
0.293358	-0.985691523809507	0.6973921206209613
0.293663	0.7700661904762143	0.710417985474822
0.293968	0.7398727619047918	0.7158464748355594
0.294272	1.175910000000016	0.7077324121553051
0.294577	1.137569714285732	0.7212711217217513
0.294881	1.073793238095206	0.7098471155460317
0.295186	0.15400000000001057	0.7176180165074956
0.295491	1.0354468571428868	0.7219283214100106
0.295795	0.02380371428571948	0.7223776079377028
0.2961	0.3896272380952439	0.728155094426732
0.296405	0.5573260000000033	0.7175539970264332
0.296709	-0.1984902857142572	0.7340984528676957
0.297014	0.7438892380952495	0.7299456059933934
0.297318	0.9938911428571657	0.7360243444614927
0.297623	-0.034422666666671375	0.7333505955388377
0.297928	0.4312892380952462	0.734301733123727
0.298232	0.6472480000000047	0.7443246261890519
0.298537	0.7605545714285853	0.7387989950397501
0.298842	1.2471166666666704	0.7462788667156809
0.299146	0.12461266666670667	0.7407983087828172
0.299451	1.2528818095238279	0.7516412704970911
0.299756	0.1753645714286023	0.7478776217820836
0.30006	0.5904581904761983	0.7483525228198935
0.300365	-0.6520878095238203	0.7515235138728003
0.300669	0.26348323809524743	0.7586627096751858
0.300974	0.6082827619047606	0.7523264842565599
0.301279	-0.1922056190476269	0.7626180856728588
0.301583	0.039587523809558434	0.7555563072668948
0.301888	-0.09207199999997329	0.7661008565147458
0.302193	0.3742460952380924	0.7711217924814822
0.302497	1.4645715238095391	0.7642967947577267
0.302802	0.9297418095238044	0.7721517309842264
0.303106	0.5085166666666936	0.7684077089072866
0.303411	-0.3708522857142782	0.7769882763561238
0.303716	0.6386459047619155	0.7781817526994091
0.30402	1.8097662857143035	0.7717333895237484
0.304325	0.11173619047620775	0.784774991049099
0.30463	1.1162622857142992	0.7774134894037183
0.304934	0.4664319999999975	0.7798493269424207
0.305239	0.3584676190476159	0.7830590841792612
0.305543	-0.39291390476188326	0.7754535057436448
0.305848	0.4622797142857138	0.7889019786529529
0.306153	1.5373079047619171	0.7919470421121448
0.306457	0.005806380952421364	0.7887235462940864
0.306762	0.726287714285732	0.7905852989108395
0.307067	0.14398266666664483	0.7936344239699805
0.307371	0.6578796190476197	0.7993126261604033
0.307676	2.351520095238115	0.8045588644661862
0.307981	1.8491981904762014	0.7974568704063704
0.308285	1.3872390476190617	0.8115222621153
0.30859	0.915121619047639	0.809680510815263
0.308894	-0.14429171428568566	0.7989273501691656
0.309199	-0.41261133333330235	0.8093074178936712
0.309504	0.4023619047618894	0.8056382648563054
0.309808	1.298512666666653	0.8234864485396588
0.310113	0.5200966666666886	0.8241595960516684
0.310418	1.4510192380952418	0.8153344368683993
0.310722	1.3733526666666762	0.827805354381866
0.311027	0.13303533333333917	0.8086095735697543
0.311331	0.6562972380952345	0.8348755881842033
0.311636	1.4338697142857058	0.8321354294840083
0.311941	1.1231136190476576	0.8288160078552642
0.312245	1.3123218095238087	0.8408955740079994
0.31255	0.6075183809523708	0.8260032825083796
0.312855	0.8081102857143208	0.846243417945541
0.313159	0.06969380952382664	0.8308975223851218
0.313464	0.7964780952381005	0.8463959554989385
0.313768	1.9792374285714232	0.8541025417462763
0.314073	1.8609012380952379	0.8305234540614106
0.314378	0.8957070476190694	0.8591452608181689
0.314682	0.30379466666667554	0.8353471615335084
0.314987	0.3185040952381115	0.8442912684620996
0.315292	0.7361700000000155	0.8587375838238885
0.315596	1.1274686666666724	0.8331532562752648
0.315901	-0.3187458095238185	0.8531040682696579
0.316206	0.7317825714286101	0.8398008479308512
0.31651	-0.4844564761905019	0.8435255377281184
0.316815	0.6964430476190557	0.8544490017876141
0.317119	0.8750619047619068	0.8482553516411577
0.317424	0.8350330476190635	0.8657362123941237
0.317729	0.8669934285714049	0.8519485897965948
0.318033	0.9110442857143113	0.8651604451424478
0.318338	0.14419742857143092	0.8642809537788249
0.318643	0.18474619047620422	0.858168827766094
0.318947	0.8088185714286027	0.8814929478221901
0.319252	0.9559732380952397	0.8553648596870522
0.319556	0.9676357142857483	0.8805596072858398
0.319861	0.6473864761904906	0.8713140897894577
0.320166	-1.0582856190476093	0.872024429275856
0.32047	-0.424920571428558	0.8899056438515278
0.320775	2.19743028571429	0.880533655476445
0.32108	0.5702539047619553	0.9006018214337831
0.321384	1.8323321904762082	0.8858456716164866
0.321689	-0.8644962857142815	0.887159487724598
0.321993	0.6089687619047623	0.8960170424216924
0.322298	2.8051285714285825	0.9007073665131246
0.322603	0.4729736190476217	0.9074071358614217
0.322907	2.0902076190476464	0.8936467072881054
0.323212	0.16072914285715	0.9031792414345713
0.323517	-0.5014633333333194	0.8972227701686422
0.323821	1.7317739047619227	0.9115949634087621
0.324126	0.5251113333333137	0.9260352167255562
0.324431	0.5197917142857165	0.8994188614826059
0.324735	2.171745809523827	0.9306231678033428
0.32504	0.27115219047620087	0.9100118931705834
0.325344	-0.1122006666666664	0.9224849618626
0.325649	0.1650160000000085	0.9193364947254016
0.325954	1.2097525714285524	0.9277969161782506
0.326258	-0.4000156190475934	0.9368476429664541
0.326563	-0.8280642857142766	0.918565027939214
0.326868	-0.3158546666666524	0.9373606080215542
0.327172	1.675508571428594	0.9305312708183089
0.327477	-0.3416383809523609	0.9432439354522364
0.327781	1.8089865714285764	0.9594578755086602
0.328086	-0.704531142857121	0.9301235208205874
0.328391	0.588864952380959	0.9524971265570041
0.328695	-0.28219247619047394	0.9366582239130653
0.329	-0.2465254285714309	0.9632452409981833
0.329305	0.2787586666666897	0.9574174572968306
0.329609	-0.3699926666666613	0.9510185715203467
0.329914	0.22290895238096198	0.9749165861944398
0.330218	-1.0290432380952268	0.9503167942180796
0.330523	1.5487155238095625	0.9807523259888321
0.330828	0.4256553333333386	0.968775714208621
0.331132	0.5424702857142876	0.9773363627117228
0.331437	0.5657238095238313	0.9878303227272551
0.331742	-0.4511340952380891	0.9617788746759028
0.332046	2.0677215238095386	1.0005508140507369
0.332351	-0.1483284761904713	0.9769051489126609
0.332656	0.7237037142856906	0.9913527414141047
0.33296	-0.28958580952377133	1.002208889995771
0.333265	0.8323809523809587	0.9838735190383662
0.333569	0.533372380952386	1.008353579317287
0.333874	1.315413523809525	0.9934669503268033
0.334179	-0.22173542857144923	1.0139491978376187
0.334483	-0.14614171428569023	1.0004668973443176
0.334788	-0.1528559047619069	1.0074320359754347
0.335093	1.871685904761918	1.0363865030837267
0.335397	1.3886135238095392	1.0047923597879456
0.335702	1.1133485714285882	1.0414816739667485
0.336006	0.6082787619047565	1.0106380934988373
0.336311	-0.26093228571427574	1.027571094591397
0.336616	-0.1570030476190425	1.0518901604989057
0.33692	0.35338904761904644	1.0156997387308524
0.337225	-0.3146947619047751	1.052963707496217
0.33753	0.7339937142857025	1.0268652143510095
0.337834	1.6078133333333398	1.064595542686155
0.338139	1.2050909523809992	1.0574166636185756
0.338443	0.16567647619048387	1.0423224818572345
0.338748	0.5496569523809569	1.0767345991550195
0.339053	0.3111872380952718	1.0374136334954165
0.339357	0.6840421904761911	1.0761402956210875
0.339662	-0.7289552380952244	1.0551516455783965
0.339967	-0.8556196190476157	1.0700092883918295
0.340271	2.0641709523809624	1.0991924078033013
0.340576	2.445304190476193	1.0620185716307529
0.340881	0.30760047619051534	1.0984096640204624
0.341185	0.9582429523809708	1.080261194345716
0.34149	0.2328246666666871	1.090826111130518
0.341794	-1.8197243809523656	1.1031739240797769
0.342099	1.2435926666666575	1.0931666966946108
0.342404	1.020320952380942	1.1205324809611277
0.342708	-0.053243714285699184	1.0888589225089829
0.343013	-2.371218380952371	1.1123680089118757
0.343318	0.5199439047619023	1.1203819737605925
0.343622	-0.4639273333333307	1.1140565403815577
0.343927	-0.591318380952373	1.147531853687545
0.344231	1.8408962857142797	1.104778474797152
0.344536	0.6304581904762188	1.144739083632517
0.344841	1.1248676190476488	1.1322139787284136
0.345145	0.8896453333333625	1.1429199173335929
0.34545	-0.1392180952381068	1.1743407324085509
0.345755	1.028168952380966	1.1144037198512489
0.346059	1.276823619047633	1.1772673811530454
0.346364	-0.07343466666662835	1.1418889495952784
0.346668	0.11325161904763092	1.17418020166069
0.346973	-0.745991809523801	1.169970785715631
0.347278	0.3495421904761997	1.161739186968898
0.347582	2.4577707619047686	1.2165967081785767
0.347887	1.5722654285714555	1.159825206344469
0.348192	-1.0660420000000101	1.1960662854592932
0.348496	0.8456994285713932	1.1887269753951641
0.348801	0.37130971428572934	1.1864364626716666
0.349106	0.9231861904762013	1.2228596016961044
0.34941	0.8749482857142965	1.1588554400614774
0.349715	-0.8908409523809269	1.2125463317610967
0.350019	3.1917756190476183	1.1916756628305594
0.350324	1.0162546666666685	1.1982700726519004
0.350629	1.4740936190476361	1.217938361591365
0.350933	2.173086857142863	1.1877877429806354
0.351238	-1.4670579047618872	1.2091249070943835
0.351543	0.5331749523809748	1.1785452393969633
0.351847	-0.9069423809523585	1.2117744269945543
0.352152	1.2972880952380876	1.2003543518943711
0.352456	-0.5174581904761766	1.2042418291608326
0.352761	1.5367165714285846	1.2474778783960432
0.353066	1.156318761904771	1.2017009914411731
0.35337	-2.4219020952380816	1.2268915579403967
0.353675	-0.9018651428571474	1.2080977999269755
0.35398	1.4669102857142775	1.2494718052441502
0.354284	-0.41878980952378697	1.2592966448203329
0.354589	0.4050220952381238	1.223065050725713
0.354893	-0.6766377142856754	1.2733006308969688
0.355198	0.3763787619047889	1.2364256419001736
0.355503	2.893633714285727	1.295106983569669
0.355807	2.8343226666666794	1.285676607390597
0.356112	0.2736054285714289	1.275537764309396
0.356417	1.3304695238095405	1.326165644392898
0.356721	-0.08144095238095872	1.2475322987600717
0.357026	3.111042095238105	1.3276556644872728
0.35733	-0.1970756190476095	1.2832856518907476
0.357635	3.40402733333336	1.3251958151126915
0.35794	0.011776571428583793	1.353457697474499
0.358244	-1.6149767619047566	1.2723280395251415
0.358549	2.6553401904761955	1.3618416068210022
0.358854	1.9515768571428822	1.3161867018417375
0.359158	2.260395047619042	1.3576693188100533
0.359463	-0.5300157142856818	1.3584797799005652
0.359768	1.4004419999999982	1.341198895446335
0.360072	1.0186507619047802	1.3951315878739639
0.360377	2.3649692380952416	1.3354143794295668
0.360681	-0.9266245714285475	1.3935235287999743
0.360986	1.1549208571428693	1.3729577959227321
0.361291	0.692845809523817	1.3908921909676517
0.361595	-0.25696914285713035	1.4422052385706445
0.3619	1.0373771428571388	1.357283876768719
0.362205	-1.0007802857143133	1.4329976532667668
0.362509	0.7349995238095346	1.3987330187524663
0.362814	-1.4535165714285654	1.4306705594257416
0.363118	1.1087783809523728	1.4716645543368354
0.363423	1.3949483809523855	1.4125099856663863
0.363728	0.6831004761904893	1.5136456106749734
0.364032	0.01163409523813641	1.4162135582545505
0.364337	-0.6061127619047255	1.5072334420006013
0.364642	3.0879400000000174	1.490476672080612
0.364946	0.533145047619044	1.4783162826095717
0.365251	-2.4574591428571466	1.5467404709158492
0.365555	-0.8536954285714273	1.4452492218772472
0.36586	2.2904859047619084	1.5637889197873795
0.366165	0.5826465714285547	1.500224942702233
0.366469	-0.14764514285712949	1.551727917440335
0.366774	0.9691570476190492	1.6226733915364886
0.367079	0.8243185714286057	1.4935100830592078
0.367383	-0.23242876190472828	1.6054909694279964
0.367688	4.521999904761927	1.560946254550725
0.367993	-1.5823953333333378	1.5921243954288893
0.368297	-1.4809316190475954	1.6081691429960523
0.368602	1.1364309523809624	1.58428745401769
0.368906	-0.6741635238095114	1.6945587276378218
0.369211	0.2935590476190555	1.5629009841793615
0.369516	-0.16240504761903196	1.6945337546319488
0.36982	-0.6073515238095126	1.6261373173428282
0.370125	-1.715596857142856	1.651909951222224
0.37043	3.3560340952381154	1.7957631196553538
0.370734	3.13308580952382	1.631583747576584
0.371039	2.915898761904785	1.7748883220969007
0.371343	3.7595518095238276	1.6963034659868892
0.371648	1.055779619047641	1.7617281907948483
0.371953	0.12738228571430454	1.794171504273645
0.372257	2.5602835238095167	1.7250201524914799
0.372562	-0.45515714285713216	1.866882683531136
0.372867	-0.8013355238095272	1.7105285120519036
0.373171	-1.3939446666666413	1.8637874878529281
0.373476	1.1224930476190451	1.8047422701022755
0.37378	4.143870285714314	1.8580647092830278
0.374085	1.4681006666666718	1.9792821603854251
0.37439	1.8199424761904766	1.7905346454009967
0.374694	-1.8373466666666474	1.936358444288547
0.374999	-0.28177142857141746	1.8549789835207302
0.375304	-1.1714643809523864	1.9273964160237678
0.375608	-0.20679914285713608	2.127145321584546
0.375913	-0.19154571428570932	1.8238980624743217
0.376218	2.754715142857151	2.1420496808831833
0.376522	-0.7302988571428415	1.9003112720386555
0.376827	0.5396338095238065	2.1217421781089634
0.377131	-0.5254699047618914	2.0242972129144077
0.377436	-0.7970076190476192	2.0539894724206813
0.377741	1.7361652380952535	2.2644488445975663
0.378045	-0.3879616190476156	1.9753646996445893
0.37835	2.684475333333353	2.272319203352631
0.378655	0.9131923809523954	2.097119060379011
0.378959	1.81651190476191	2.237174367221954
0.379264	1.054674476190499	2.431319238622057
0.379568	-0.4533136190476057	2.0905459549644445
0.379873	-2.03046047619047	2.3775880268446326
0.380178	3.8275060952381352	2.2643617678969097
0.380482	0.6179856190476158	2.360964694187465
0.380787	-2.360512	2.503733682080701
0.381092	-0.8546073333333197	2.293695188084994
0.381396	3.0799884761905076	2.817595396059029
0.381701	4.431744761904767	2.3102371508130637
0.382005	2.628912952380958	2.7395132708420533
0.38231	0.5592536190476238	2.5618576609504236
0.382615	1.1970810476190508	2.5937394016108373
0.382919	3.435114285714292	3.2459348210026615
0.383224	-2.2309874285713818	2.334179813807946
0.383529	0.2578299047619197	3.243996982117302
0.383833	-0.41337523809521315	2.5397358688452045
0.384138	-5.597228666666666	3.122375678881722
0.384443	-2.032554285714255	3.293716339451778
0.384747	0.13014942857144263	2.706504259172777
0.385052	-3.797076952380934	3.7305772229664873
0.385356	0.01294066666667959	2.7309531871445
0.385661	-1.3160899047618813	3.9754488634167697
0.385966	-3.016752666666676	3.047651165072128
0.38627	1.771873904761918	3.7582753518096554
0.386575	-0.31397980952378646	4.370220610624516
0.38688	3.572030095238077	3.2254350624276924
0.387184	-3.0486754285714284	4.6322162759318495
0.387489	-2.8747643809523424	3.395046376145305
0.387793	1.7097253333333526	5.232462056287741
0.388098	-0.6423333333333261	5.227991320280147
0.388403	2.833563523809545	4.03845132054204
0.388707	8.073798952380983	6.069381179985974
0.389012	-5.255371238095222	4.54367217489204
0.389317	0.	0.
0.389621	-6.101308190476161	5.233769683257657