### DATA:

         Q               I              Error
1249
4.60056169E-03 9.96495866E-05 1.45981588E-05
4.88809666E-03 1.01717017E-04 7.24115759E-06
5.17563161E-03 1.08609250E-04 4.51589938E-06
5.46316653E-03 1.00392188E-04 2.80782306E-06
5.75070142E-03 1.02542485E-04 1.99118459E-06
6.03823629E-03 1.04844996E-04 1.70277717E-06
6.32577112E-03 1.02132897E-04 1.49586508E-06
6.61330592E-03 1.03501582E-04 1.37164653E-06
6.90084069E-03 1.01363251E-04 1.19840662E-06
7.18837542E-03 1.02851170E-04 1.15725188E-06
7.47591012E-03 1.00130985E-04 1.09275357E-06
7.76344478E-03 1.00749095E-04 1.01312997E-06
8.05097940E-03 1.00791230E-04 9.91895993E-07
8.33851398E-03 1.00484401E-04 9.36917021E-07
8.62604852E-03 9.97274847E-05 9.39012293E-07
8.91358301E-03 9.94226163E-05 8.62411073E-07
9.20111746E-03 9.80050371E-05 8.53949914E-07
9.48865187E-03 9.84408297E-05 8.50577512E-07
9.77618622E-03 9.81766648E-05 8.15493122E-07
1.00637205E-02 9.78642814E-05 8.13605432E-07
1.03512548E-02 9.68803945E-05 7.67231469E-07
1.06387890E-02 9.67222221E-05 7.71538362E-07
1.09263231E-02 9.65769534E-05 7.61498366E-07
1.12138572E-02 9.63744708E-05 7.63772506E-07
1.15013913E-02 9.46145393E-05 7.63857714E-07
1.17889253E-02 9.56514658E-05 7.58780924E-07
1.20764592E-02 9.36392590E-05 7.67611397E-07
1.23639930E-02 9.50070260E-05 7.60814203E-07
1.26515268E-02 9.39881846E-05 7.51683920E-07
1.29390606E-02 9.37966602E-05 7.51147175E-07
1.32265942E-02 9.33440343E-05 7.50711349E-07
1.35141278E-02 9.29480858E-05 7.45342249E-07
1.38016614E-02 9.16281095E-05 7.26548909E-07
1.40891949E-02 9.12484169E-05 7.32590002E-07
1.43767282E-02 9.16117423E-05 7.18204202E-07
1.46642616E-02 9.02002364E-05 7.08337414E-07
1.49517948E-02 9.07033008E-05 7.27686837E-07
1.52393280E-02 9.04605585E-05 7.40437892E-07
1.55268611E-02 8.93308045E-05 7.36494793E-07
1.58143941E-02 8.79343578E-05 7.69159566E-07
1.61019271E-02 8.67096782E-05 7.42520360E-07
1.63894599E-02 8.82292488E-05 7.15607090E-07
1.66769927E-02 8.72162078E-05 6.89253139E-07
1.69645254E-02 8.83941843E-05 6.96007485E-07
1.72520580E-02 8.68715845E-05 6.81492565E-07
1.75395905E-02 8.66242952E-05 6.77622820E-07
1.78271229E-02 8.57932180E-05 6.68304122E-07
1.81146553E-02 8.48976529E-05 6.61478838E-07
1.84021875E-02 8.49956641E-05 6.57851363E-07
1.86897197E-02 8.48608279E-05 6.42690322E-07
1.89772518E-02 8.42165692E-05 6.37958448E-07
1.92647837E-02 8.37834132E-05 6.37140221E-07
1.95523156E-02 8.38668176E-05 6.14485973E-07
1.98398474E-02 8.26628841E-05 5.98900497E-07
2.01273790E-02 8.25370617E-05 5.79607751E-07
2.04149106E-02 8.10841751E-05 5.98177992E-07
2.07024421E-02 8.07513445E-05 5.87409800E-07
2.09899735E-02 8.09634138E-05 5.87469290E-07
2.12775047E-02 7.96889115E-05 5.68839122E-07
2.15650359E-02 7.97502265E-05 5.61027493E-07
2.18525669E-02 7.87218107E-05 5.67972299E-07
2.21400979E-02 7.87438746E-05 5.67098499E-07
2.24276287E-02 7.76342635E-05 5.62327858E-07
2.27151594E-02 7.74795199E-05 5.46242731E-07
2.30026900E-02 7.59178745E-05 5.48136939E-07
2.32902205E-02 7.53563639E-05 5.57357320E-07
2.35777508E-02 7.50849975E-05 5.33516566E-07
2.38652811E-02 7.48004876E-05 5.43276299E-07
2.41528112E-02 7.49409205E-05 5.37713501E-07
2.44403412E-02 7.43414170E-05 5.40056985E-07
2.47278711E-02 7.35228042E-05 5.36044518E-07
2.50154008E-02 7.30728365E-05 5.18603826E-07
2.53029305E-02 7.31230699E-05 5.24220115E-07
2.55904600E-02 7.13132190E-05 5.16175230E-07
2.58779894E-02 7.09049859E-05 5.24075447E-07
2.61655186E-02 7.11497881E-05 5.21676266E-07
2.64530477E-02 6.95767175E-05 5.02589420E-07
2.67405767E-02 6.94214583E-05 5.14105097E-07
2.70281055E-02 6.90818005E-05 5.00096848E-07
2.73156342E-02 6.77744764E-05 4.99907592E-07
2.76031628E-02 6.73366308E-05 5.04661022E-07
2.78906913E-02 6.79616247E-05 4.94507351E-07
2.81782195E-02 6.66047196E-05 5.04134080E-07
2.84657477E-02 6.65063880E-05 4.85604164E-07
2.87532757E-02 6.56900218E-05 4.96771937E-07
2.90408036E-02 6.45502445E-05 4.85365047E-07
2.93283313E-02 6.40954604E-05 4.92892256E-07
2.96158589E-02 6.38445288E-05 4.92321327E-07
2.99033863E-02 6.34692023E-05 4.69947958E-07
3.01909135E-02 6.33824198E-05 4.85826946E-07
3.04784407E-02 6.14460778E-05 4.78812075E-07
3.07659676E-02 6.28339621E-05 4.72025439E-07
3.10534944E-02 6.13723542E-05 4.74985133E-07
3.13410211E-02 6.03455933E-05 4.67669903E-07
3.16285476E-02 6.07621430E-05 4.69611817E-07
3.19160739E-02 5.99269189E-05 4.62554564E-07
3.22036001E-02 5.88323747E-05 4.61008460E-07
3.24911261E-02 5.84478833E-05 4.60109518E-07
3.27786520E-02 5.83960138E-05 4.60118105E-07
3.30661777E-02 5.74604988E-05 4.65482675E-07
3.33537032E-02 5.74576277E-05 4.52569316E-07
3.36412285E-02 5.62521576E-05 4.48102173E-07
3.39287537E-02 5.57885457E-05 4.48142692E-07
3.42162787E-02 5.53628978E-05 4.48937492E-07
3.45038036E-02 5.35701930E-05 4.49177259E-07
3.47913282E-02 5.32695576E-05 4.40341752E-07
3.50788527E-02 5.45076677E-05 4.39863215E-07
3.53663771E-02 5.33169708E-05 4.37870933E-07
3.56539012E-02 5.29417567E-05 4.44065164E-07
3.59414251E-02 5.21464200E-05 4.32422151E-07
3.62289489E-02 5.23408108E-05 4.30701806E-07
3.65164725E-02 5.13149612E-05 4.34885511E-07
3.68039959E-02 5.07617172E-05 4.29081171E-07
3.70915192E-02 5.05459794E-05 4.32644916E-07
3.73790422E-02 4.94975393E-05 4.10402027E-07
3.76665651E-02 4.94534731E-05 4.18498974E-07
3.79540877E-02 4.85418181E-05 4.21359646E-07
3.82416102E-02 4.88651354E-05 4.15466377E-07
3.85291325E-02 4.77473346E-05 4.16071047E-07
3.88166546E-02 4.72094975E-05 4.09977584E-07
3.91041764E-02 4.67314690E-05 4.19050524E-07
3.93916981E-02 4.68716561E-05 4.18825088E-07
3.96792196E-02 4.62277679E-05 4.05002467E-07
3.99667409E-02 4.66311396E-05 4.14927211E-07
4.02542620E-02 4.48451794E-05 4.08136432E-07
4.05417829E-02 4.51715881E-05 4.08919130E-07
4.08293036E-02 4.43256819E-05 4.01621050E-07
4.11168241E-02 4.32374940E-05 3.98321008E-07
4.14043444E-02 4.26866465E-05 4.03635465E-07
4.16918644E-02 4.28957108E-05 3.98079156E-07
4.19793843E-02 4.18625673E-05 3.99347998E-07
4.22669039E-02 4.23502889E-05 3.91936039E-07
4.25544234E-02 4.15186672E-05 3.94690720E-07
4.28419426E-02 4.20741137E-05 4.00532815E-07
4.31294616E-02 4.04264147E-05 3.86567930E-07
4.34169804E-02 4.04962196E-05 3.86949093E-07
4.37044990E-02 4.05380953E-05 3.86119152E-07
4.39920173E-02 3.92481275E-05 3.85205144E-07
4.42795354E-02 3.86166553E-05 3.77768182E-07
4.45670534E-02 3.86409414E-05 3.78937655E-07
4.48545710E-02 3.85229079E-05 3.90954975E-07
4.51420885E-02 3.78115043E-05 3.94940691E-07
4.54296057E-02 3.78155688E-05 4.01143038E-07
4.57171227E-02 3.67093865E-05 3.97554563E-07
4.60046395E-02 3.60998696E-05 4.01827470E-07
4.62921560E-02 3.60271186E-05 4.06880663E-07
4.65796723E-02 3.56519358E-05 4.05941201E-07
4.68671884E-02 3.59130907E-05 4.11028309E-07
4.71547042E-02 3.54534107E-05 4.02957988E-07
4.74422198E-02 3.48719150E-05 4.11399886E-07
4.77297352E-02 3.43267052E-05 4.10861195E-07
4.80172503E-02 3.36613363E-05 4.08054314E-07
4.83047652E-02 3.37845546E-05 4.05544837E-07
4.85922798E-02 3.37292251E-05 4.03436967E-07
4.88797942E-02 3.23578549E-05 4.14406680E-07
4.91673084E-02 3.24242296E-05 4.08716327E-07
4.94548223E-02 3.15581601E-05 4.07023382E-07
4.97423359E-02 3.18271111E-05 4.07158929E-07
5.00298493E-02 3.16228420E-05 4.01269277E-07
5.03173625E-02 3.06073897E-05 4.07042534E-07
5.06048754E-02 3.06750502E-05 3.99539161E-07
5.08923880E-02 3.05629963E-05 4.04275339E-07
5.11799004E-02 2.99132824E-05 4.05124122E-07
5.14674125E-02 2.98819795E-05 3.97832308E-07
5.17549244E-02 3.00087069E-05 4.07597964E-07
5.20424360E-02 2.86965471E-05 3.89780849E-07
5.23299474E-02 2.90632726E-05 4.04708919E-07
5.26174584E-02 2.80355385E-05 3.95451675E-07
5.29049693E-02 2.77283583E-05 3.98072200E-07
5.31924798E-02 2.78468208E-05 4.01668198E-07
5.34799901E-02 2.74441158E-05 3.88988865E-07
5.37675001E-02 2.69834971E-05 4.01836064E-07
5.40550099E-02 2.67103191E-05 3.91706465E-07
5.43425193E-02 2.72070280E-05 3.92253631E-07
5.46300285E-02 2.58664896E-05 3.93007432E-07
5.49175375E-02 2.59314853E-05 3.80071948E-07
5.52050461E-02 2.52513040E-05 3.85860194E-07
5.54925545E-02 2.55419804E-05 3.77298614E-07
5.57800626E-02 2.47502889E-05 3.82775426E-07
5.60675704E-02 2.50738280E-05 3.89829016E-07
5.63550779E-02 2.51881847E-05 3.82634495E-07
5.66425852E-02 2.46198994E-05 3.88166221E-07
5.69300921E-02 2.40841449E-05 3.79589966E-07
5.72175988E-02 2.34474942E-05 3.85604526E-07
5.75051052E-02 2.32620158E-05 3.83319212E-07
5.77926113E-02 2.33856789E-05 3.83603264E-07
5.80801171E-02 2.32040537E-05 3.85368727E-07
5.83676226E-02 2.21345613E-05 3.78468379E-07
5.86551278E-02 2.24557483E-05 3.85999184E-07
5.89426328E-02 2.22532141E-05 3.82873276E-07
5.92301374E-02 2.27609616E-05 3.76430756E-07
5.95176417E-02 2.10708686E-05 3.81169058E-07
5.98051458E-02 2.14253605E-05 3.79604735E-07
6.00926495E-02 2.18558023E-05 3.85224699E-07
6.03801529E-02 2.18314833E-05 3.73873752E-07
6.06676561E-02 2.04635031E-05 3.74154546E-07
6.09551589E-02 2.05890116E-05 3.75015683E-07
6.12426614E-02 2.07563401E-05 3.76083170E-07
6.15301636E-02 2.09564670E-05 3.81272712E-07
6.18176655E-02 1.96567421E-05 3.70321620E-07
6.21051671E-02 1.96646588E-05 3.74248911E-07
6.23926684E-02 1.98886770E-05 3.74670400E-07
6.26801693E-02 1.88762293E-05 3.74964652E-07
6.29676700E-02 1.88854042E-05 3.72896114E-07
6.32551703E-02 1.85303849E-05 3.67976368E-07
6.35426703E-02 1.84291164E-05 3.69167863E-07
6.38301700E-02 1.84527780E-05 3.70550702E-07
6.41176694E-02 1.79197712E-05 3.68707959E-07
6.44051684E-02 1.80946441E-05 3.65748225E-07
6.46926671E-02 1.75797181E-05 3.70129997E-07
6.49801655E-02 1.74157806E-05 3.71230535E-07
6.52676636E-02 1.72526426E-05 3.62292989E-07
6.55551614E-02 1.73851279E-05 3.69388103E-07
6.58426588E-02 1.71200821E-05 3.64452212E-07
6.61301559E-02 1.68043296E-05 3.68297782E-07
6.64176526E-02 1.67988407E-05 3.65671675E-07
6.67051490E-02 1.59678846E-05 3.62314790E-07
6.69926451E-02 1.61279465E-05 3.65432713E-07
6.72801409E-02 1.65285232E-05 3.62505192E-07
6.75676363E-02 1.61627318E-05 3.63413123E-07
6.78551313E-02 1.59674365E-05 3.60805569E-07
6.81426261E-02 1.57690470E-05 3.57763957E-07
6.84301204E-02 1.54419689E-05 3.62498323E-07
6.87176145E-02 1.57866970E-05 3.61587977E-07
6.90051082E-02 1.49457159E-05 3.61165020E-07
6.92926015E-02 1.47958077E-05 3.58491423E-07
6.95800945E-02 1.47015929E-05 3.57196550E-07
6.98675872E-02 1.44929884E-05 3.62708450E-07
7.01550794E-02 1.46583299E-05 3.50577553E-07
7.04425714E-02 1.42150727E-05 3.60692976E-07
7.07300630E-02 1.38147506E-05 3.55058113E-07
7.10175542E-02 1.42468891E-05 3.56039272E-07
7.13050451E-02 1.40636478E-05 3.56950381E-07
7.15925356E-02 1.42228766E-05 3.50496040E-07
7.18800258E-02 1.33036587E-05 3.54406521E-07
7.21675156E-02 1.41889621E-05 3.59777990E-07
7.24550050E-02 1.37130886E-05 3.59997648E-07
7.27424941E-02 1.32732285E-05 3.61412720E-07
7.30299828E-02 1.31382440E-05 3.68337954E-07
7.33174711E-02 1.36143472E-05 3.79530337E-07
7.36049591E-02 1.29974492E-05 3.79795486E-07
7.38924467E-02 1.27131543E-05 3.83260475E-07
7.41799339E-02 1.25035470E-05 3.85597761E-07
7.44674207E-02 1.29628716E-05 3.86647324E-07
7.47549072E-02 1.16455211E-05 3.84841923E-07
7.50423933E-02 1.16757924E-05 3.80412863E-07
7.53298790E-02 1.22000843E-05 3.89323217E-07
7.56173644E-02 1.19077149E-05 3.88008306E-07
7.59048494E-02 1.13180092E-05 3.93780969E-07
7.61923339E-02 1.11857878E-05 3.86343339E-07
7.64798181E-02 1.09931993E-05 3.89510743E-07
7.67673020E-02 1.14819313E-05 3.92194815E-07
7.70547854E-02 1.20605336E-05 3.88612154E-07
7.73422684E-02 1.17410730E-05 3.78377473E-07
7.76297511E-02 1.03627596E-05 3.62079361E-07
7.79172333E-02 1.13310024E-05 3.63511707E-07
7.82047152E-02 1.05316164E-05 3.64799291E-07
7.84921967E-02 1.04685250E-05 3.52466450E-07
7.87796778E-02 1.04878154E-05 3.52595114E-07
7.90671585E-02 1.01224296E-05 3.49668252E-07
7.93546387E-02 1.04158816E-05 3.54366104E-07
7.96421186E-02 9.32218137E-06 3.54413461E-07
7.99295981E-02 1.03185404E-05 3.48500358E-07
8.02170772E-02 9.59942053E-06 3.51414784E-07
8.05045559E-02 9.86330631E-06 3.45593334E-07
8.07920342E-02 1.02603674E-05 3.51814932E-07
8.10795121E-02 1.01581194E-05 3.45936706E-07
8.13669895E-02 9.62240096E-06 3.46199130E-07
8.16544666E-02 9.52249462E-06 3.45617621E-07
8.19419432E-02 9.95346153E-06 3.43582667E-07
8.22294195E-02 8.77244464E-06 3.43301861E-07
8.25168953E-02 8.85349344E-06 3.44858097E-07
8.28043707E-02 9.78093039E-06 3.46644786E-07
8.30918457E-02 9.31891013E-06 3.46302396E-07
8.33793202E-02 8.77118365E-06 3.39135169E-07
8.36667944E-02 9.23531827E-06 3.41066590E-07
8.39542681E-02 8.68258075E-06 3.35960373E-07
8.42417414E-02 8.89146444E-06 3.40752243E-07
8.45292143E-02 8.05899889E-06 3.41179459E-07
8.48166868E-02 8.79896995E-06 3.34053309E-07
8.51041588E-02 8.95461296E-06 3.41037423E-07
8.53916304E-02 8.24312285E-06 3.38762011E-07
8.56791016E-02 7.97783411E-06 3.40004887E-07
8.59665723E-02 8.44873264E-06 3.35267519E-07
8.62540427E-02 8.47937670E-06 3.35937726E-07
8.65415125E-02 9.13113654E-06 3.38889662E-07
8.68289820E-02 8.22455282E-06 3.33441946E-07
8.71164510E-02 8.46218817E-06 3.36445501E-07
8.74039196E-02 7.80317701E-06 3.32401210E-07
8.76913877E-02 7.79662885E-06 3.33492075E-07
8.79788554E-02 8.62034200E-06 3.35917069E-07
8.82663226E-02 7.49311309E-06 3.36781952E-07
8.85537894E-02 8.01112945E-06 3.31552444E-07
8.88412558E-02 7.13628068E-06 3.26543560E-07
8.91287217E-02 7.24916789E-06 3.33512799E-07
8.94161872E-02 8.45295450E-06 3.31682484E-07
8.97036522E-02 7.41512856E-06 3.24360073E-07
8.99911167E-02 7.53754258E-06 3.23374299E-07
9.02785809E-02 7.33317821E-06 3.22486813E-07
9.05660445E-02 7.17645860E-06 3.22527809E-07
9.08535077E-02 7.31418283E-06 3.21042963E-07
9.11409705E-02 7.52649963E-06 3.26641447E-07
9.14284327E-02 7.22026753E-06 3.30521541E-07
9.17158946E-02 7.33268463E-06 3.23883707E-07
9.20033559E-02 7.04549343E-06 3.24251362E-07
9.22908168E-02 6.86059225E-06 3.22230307E-07
9.25782773E-02 6.75154492E-06 3.24349908E-07
9.28657372E-02 6.68204233E-06 3.25152518E-07
9.31531967E-02 7.09974839E-06 3.22752111E-07
9.34406558E-02 6.99704927E-06 3.22374890E-07
9.37281144E-02 6.26272949E-06 3.19010939E-07
9.40155725E-02 6.87473501E-06 3.24171254E-07
9.43030301E-02 5.61344630E-06 3.21371297E-07
9.45904872E-02 6.01142646E-06 3.17934502E-07
9.48779439E-02 6.25645191E-06 3.19945374E-07
9.51654001E-02 6.85658276E-06 3.18894353E-07
9.54528558E-02 6.10990134E-06 3.21900967E-07
9.57403111E-02 6.67508982E-06 3.14020346E-07
9.60277658E-02 6.01946896E-06 3.20336757E-07
9.63152201E-02 5.92149212E-06 3.16514118E-07
9.66026739E-02 6.00256060E-06 3.18456443E-07
9.68901272E-02 6.22365930E-06 3.16239096E-07
9.71775800E-02 5.99373747E-06 3.13666420E-07
9.74650323E-02 6.43871371E-06 3.20581390E-07
9.77524842E-02 6.53006347E-06 3.18569578E-07
9.80399355E-02 5.75613388E-06 3.13526628E-07
9.83273864E-02 6.29403561E-06 3.14653483E-07
9.86148367E-02 5.44906623E-06 3.11576581E-07
9.89022866E-02 5.85660452E-06 3.16466744E-07
9.91897360E-02 5.66008491E-06 3.16433346E-07
9.94771848E-02 5.19263818E-06 3.13086446E-07
9.97646332E-02 5.69654329E-06 3.14596269E-07
1.00052081E-01 5.48391931E-06 3.14567016E-07
1.00339528E-01 5.21490310E-06 3.14418306E-07
1.00626975E-01 6.03895385E-06 3.10776206E-07
1.00914422E-01 5.27470591E-06 3.12837727E-07
1.01201867E-01 5.63630464E-06 3.13692479E-07
1.01489313E-01 5.55304017E-06 3.12986316E-07
1.01776758E-01 5.72662180E-06 3.11166229E-07
1.02064202E-01 5.01901413E-06 3.10689570E-07
1.02351646E-01 5.54190498E-06 3.10480908E-07
1.02639089E-01 5.32116327E-06 3.11700869E-07
1.02926532E-01 5.57238340E-06 3.10430687E-07
1.03213974E-01 5.21028117E-06 3.07780304E-07
1.03501416E-01 4.75392295E-06 3.08825900E-07
1.03788857E-01 5.28261841E-06 3.11018709E-07
1.04076298E-01 4.21131676E-06 3.09347007E-07
1.04363738E-01 5.34627002E-06 3.06391681E-07
1.04651178E-01 5.29020664E-06 3.08474989E-07
1.04938617E-01 5.43876390E-06 3.03742196E-07
1.05226055E-01 4.89378402E-06 3.00770948E-07
1.05513493E-01 4.99940886E-06 2.99959920E-07
1.05800931E-01 4.45126985E-06 3.03941904E-07
1.06088368E-01 4.71856537E-06 3.04023319E-07
1.06375804E-01 5.01848603E-06 3.05221070E-07
1.06663240E-01 3.98254033E-06 3.03373938E-07
1.06950676E-01 4.93231256E-06 3.02063713E-07
1.07238110E-01 5.20819098E-06 3.01489695E-07
1.07525545E-01 4.96870542E-06 2.97018268E-07
1.07812979E-01 5.02642362E-06 2.99570164E-07
1.08100412E-01 5.44575926E-06 2.98939981E-07
1.08387845E-01 4.68064093E-06 3.00956517E-07
1.08675277E-01 4.72790061E-06 3.00861039E-07
1.08962708E-01 4.72730284E-06 2.97938884E-07
1.09250139E-01 4.42506468E-06 2.99108075E-07
1.09537570E-01 4.63084274E-06 2.98475803E-07
1.09825000E-01 4.72149225E-06 3.00625215E-07
1.10112429E-01 4.44217781E-06 3.00615826E-07
1.10399858E-01 3.74925810E-06 2.92765817E-07
1.10687286E-01 3.84302657E-06 2.98081282E-07
1.10974714E-01 4.67045892E-06 2.97874613E-07
1.11262141E-01 3.63648714E-06 2.97964100E-07
1.11549568E-01 4.36916964E-06 2.97531235E-07
1.11836994E-01 4.34567434E-06 2.95600060E-07
1.12124419E-01 4.90906987E-06 2.97507892E-07
1.12411844E-01 4.13311786E-06 2.95400437E-07
1.12699269E-01 4.75958708E-06 2.98317531E-07
1.12986693E-01 4.22095681E-06 2.97541074E-07
1.13274116E-01 3.95330571E-06 2.95744050E-07
1.13561538E-01 4.69391759E-06 2.98151677E-07
1.13848960E-01 4.01578007E-06 2.90825779E-07
1.14136382E-01 4.37156191E-06 2.92475818E-07
1.14423803E-01 3.78290901E-06 2.96552433E-07
1.14711223E-01 4.18677042E-06 2.95117370E-07
1.14998643E-01 4.14862331E-06 2.97723191E-07
1.15286062E-01 4.23223700E-06 2.91399671E-07
1.15573481E-01 4.66042181E-06 2.93786780E-07
1.15860899E-01 4.33200953E-06 2.93722166E-07
1.16148317E-01 3.79502382E-06 2.94921446E-07
1.16435733E-01 4.03951227E-06 2.93307935E-07
1.16723150E-01 4.24899870E-06 2.90291840E-07
1.17010565E-01 3.84290664E-06 2.93772612E-07
1.17297981E-01 4.32176182E-06 2.93590642E-07
1.17585395E-01 3.27663030E-06 2.90825330E-07
1.17872809E-01 3.60515585E-06 2.89291221E-07
1.18160222E-01 4.10422279E-06 2.91917927E-07
1.18447635E-01 3.73964542E-06 2.93458460E-07
1.18735047E-01 4.30430038E-06 2.91104915E-07
1.19022459E-01 3.55240810E-06 2.89953988E-07
1.19309870E-01 2.96368630E-06 2.89664178E-07
1.19597280E-01 4.41441078E-06 2.91880943E-07
1.19884690E-01 3.68724981E-06 2.91929108E-07
1.20172099E-01 3.93587092E-06 2.88570662E-07
1.20459508E-01 3.43356981E-06 2.90571160E-07
1.20746916E-01 2.93195493E-06 2.87537536E-07
1.21034323E-01 3.32485409E-06 2.88938645E-07
1.21321730E-01 3.85994621E-06 2.89129078E-07
1.21609136E-01 4.23519333E-06 2.89179479E-07
1.21896541E-01 3.52061163E-06 2.89124429E-07
1.22183946E-01 3.92100445E-06 2.89432602E-07
1.22471351E-01 3.71829405E-06 2.84181153E-07
1.22758754E-01 2.95453456E-06 2.85387258E-07
1.23046157E-01 3.49578614E-06 2.88420369E-07
1.23333560E-01 3.53647152E-06 2.87712339E-07
1.23620962E-01 3.70156625E-06 2.84772063E-07
1.23908363E-01 3.37386181E-06 2.86203615E-07
1.24195763E-01 3.59742920E-06 2.85221686E-07
1.24483163E-01 3.70321594E-06 2.87347767E-07
1.24770563E-01 3.38190068E-06 2.89717502E-07
1.25057961E-01 3.20925525E-06 2.95029175E-07
1.25345360E-01 3.19559672E-06 3.01504319E-07
1.25632757E-01 3.27098232E-06 2.99833276E-07
1.25920154E-01 2.90825088E-06 3.04650037E-07
1.26207550E-01 3.22609766E-06 3.04192329E-07
1.26494946E-01 3.51670442E-06 3.09155470E-07
1.26782340E-01 3.71292023E-06 3.12112358E-07
1.27069735E-01 3.21606205E-06 3.02220798E-07
1.27357128E-01 3.73742886E-06 2.99767388E-07
1.27644521E-01 3.74071981E-06 2.93620476E-07
1.27931914E-01 3.18139483E-06 3.01152660E-07
1.28219305E-01 3.41040795E-06 2.97989155E-07
1.28506696E-01 3.36439759E-06 2.92708558E-07
1.28794087E-01 2.48452659E-06 2.95340456E-07
1.29081477E-01 3.19673153E-06 2.91230716E-07
1.29368866E-01 3.18222346E-06 2.94095666E-07
1.29656254E-01 2.71029752E-06 2.91640824E-07
1.29943642E-01 2.86613282E-06 2.87094420E-07
1.30231029E-01 2.99012053E-06 2.94166330E-07
1.30518416E-01 2.74721320E-06 2.87501961E-07
1.30805802E-01 3.03414379E-06 2.90550734E-07
1.31093187E-01 2.81814679E-06 2.88314510E-07
1.31380571E-01 2.98633685E-06 2.87791699E-07
1.31667955E-01 2.50638935E-06 2.90092723E-07
1.31955338E-01 3.85043876E-06 2.85549162E-07
1.32242721E-01 3.10789722E-06 2.88829347E-07
1.32530103E-01 3.10958870E-06 2.87586037E-07
1.32817484E-01 3.42021243E-06 2.84486369E-07
1.33104865E-01 3.02468649E-06 2.92012706E-07
1.33392245E-01 3.35251431E-06 2.95142920E-07
1.33679624E-01 2.88676964E-06 2.97663694E-07
1.33967002E-01 2.83457632E-06 2.99636112E-07
1.34254380E-01 2.78458407E-06 3.04148993E-07
1.34541757E-01 2.74846796E-06 3.02574719E-07
1.34829134E-01 2.67233252E-06 3.01441923E-07
1.35116510E-01 2.53656904E-06 3.05140780E-07
1.35403885E-01 2.89455155E-06 3.01335943E-07
1.35691259E-01 2.33149933E-06 3.03793639E-07
1.35978633E-01 3.38791048E-06 3.04843326E-07
1.36266006E-01 2.40212036E-06 3.06816696E-07
1.36553379E-01 3.56786840E-06 3.10879093E-07
1.36840751E-01 2.85324813E-06 3.08835942E-07
1.37128122E-01 2.13430957E-06 3.06153889E-07
1.37415492E-01 2.90813453E-06 3.07464625E-07
1.37702862E-01 3.04989870E-06 3.08958639E-07
1.37990231E-01 2.84956656E-06 3.12246994E-07
1.38277599E-01 2.86799905E-06 2.97090379E-07
1.38564967E-01 2.74145328E-06 2.95009872E-07
1.38852333E-01 2.88710858E-06 2.86898444E-07
1.39139700E-01 2.74159409E-06 2.92134649E-07
1.39427065E-01 3.11247198E-06 2.86874159E-07
1.39714430E-01 2.76526354E-06 2.86339548E-07
1.40001794E-01 2.83039615E-06 2.89211376E-07
1.40289157E-01 2.46114389E-06 2.86235130E-07
1.40576520E-01 2.81704039E-06 2.84538586E-07
1.40863882E-01 2.10177316E-06 2.82251081E-07
1.41151243E-01 3.02275664E-06 2.83139229E-07
1.41438604E-01 2.61318875E-06 2.84936037E-07
1.41725964E-01 2.69275390E-06 2.84275624E-07
1.42013323E-01 2.78843876E-06 2.83989614E-07
1.42300681E-01 2.38182174E-06 2.79637550E-07
1.42588039E-01 2.79275802E-06 2.81443804E-07
1.42875396E-01 2.94790496E-06 2.81039531E-07
1.43162752E-01 2.54633736E-06 2.79600252E-07
1.43450108E-01 2.87074526E-06 2.82626667E-07
1.43737463E-01 2.40631336E-06 2.77815979E-07
1.44024817E-01 2.58330799E-06 2.77484171E-07
1.44312170E-01 2.28251368E-06 2.72244187E-07
1.44599523E-01 2.41084139E-06 2.71934817E-07
1.44886875E-01 2.36839544E-06 2.73503593E-07
1.45174226E-01 2.39621793E-06 2.77074514E-07
1.45461577E-01 2.44393835E-06 2.72948837E-07
1.45748927E-01 2.57823722E-06 2.70728800E-07
1.46036276E-01 2.04310098E-06 2.72964461E-07
1.46323624E-01 2.47323274E-06 2.73088206E-07
1.46610971E-01 1.98651149E-06 2.72498770E-07
1.46898318E-01 2.61567008E-06 2.70259044E-07
1.47185664E-01 1.80435786E-06 2.71477719E-07
1.47473010E-01 2.42239133E-06 2.71585631E-07
1.47760354E-01 2.29086114E-06 2.72351137E-07
1.48047698E-01 1.74440327E-06 2.69888643E-07
1.48335041E-01 1.65589017E-06 2.71717953E-07
1.48622384E-01 2.45682804E-06 2.74138314E-07
1.48909725E-01 2.14526363E-06 2.73415088E-07
1.49197066E-01 2.26158175E-06 2.70769893E-07
1.49484406E-01 2.63892749E-06 2.71275039E-07
1.49771746E-01 2.65377418E-06 2.71349118E-07
1.50059084E-01 2.06264195E-06 2.72226745E-07
1.50346422E-01 2.39792990E-06 2.72482896E-07
1.50633759E-01 2.45015673E-06 2.68746904E-07
1.50921096E-01 2.13921664E-06 2.70916978E-07
1.51208431E-01 2.06350149E-06 2.67645457E-07
1.51495766E-01 1.85735607E-06 2.70641032E-07
1.51783100E-01 2.56370585E-06 2.70967733E-07
1.52070433E-01 1.93937774E-06 2.66140795E-07
1.52357766E-01 1.94678172E-06 2.70481219E-07
1.52645098E-01 2.24453893E-06 2.67922550E-07
1.52932429E-01 1.95389556E-06 2.69741834E-07
1.53219759E-01 2.34401916E-06 2.66413170E-07
1.53507088E-01 2.15062524E-06 2.68914814E-07
1.53794417E-01 1.81491320E-06 2.69995222E-07
1.54081745E-01 1.89872799E-06 2.64316575E-07
1.54369072E-01 2.10925566E-06 2.66784057E-07
1.54656399E-01 2.20739398E-06 2.66571903E-07
1.54943724E-01 1.93753278E-06 2.68486930E-07
1.55231049E-01 1.89952748E-06 2.67729163E-07
1.55518373E-01 2.24864051E-06 2.65328255E-07
1.55805696E-01 2.07140155E-06 2.66515932E-07
1.56093019E-01 1.83306185E-06 2.66401782E-07
1.56380341E-01 2.23605581E-06 2.65499185E-07
1.56667662E-01 1.99603482E-06 2.65038321E-07
1.56954982E-01 2.26587057E-06 2.63871326E-07
1.57242301E-01 1.78984380E-06 2.66134335E-07
1.57529620E-01 1.93202548E-06 2.63765373E-07
1.57816937E-01 1.83132007E-06 2.61213402E-07
1.58104254E-01 1.82052189E-06 2.64126546E-07
1.58391570E-01 1.95437595E-06 2.64150181E-07
1.58678886E-01 1.70137374E-06 2.66000491E-07
1.58966200E-01 2.29598244E-06 2.60599965E-07
1.59253514E-01 2.48336583E-06 2.63862886E-07
1.59540827E-01 1.76738996E-06 2.62941979E-07
1.59828139E-01 1.52289139E-06 2.64075683E-07
1.60115451E-01 2.06768573E-06 2.62791960E-07
1.60402761E-01 2.03482026E-06 2.60127637E-07
1.60690071E-01 1.75505758E-06 2.62529366E-07
1.60977380E-01 1.75642745E-06 2.62325030E-07
1.61264688E-01 1.49433355E-06 2.61986233E-07
1.61551996E-01 2.26383332E-06 2.61506314E-07
1.61839302E-01 1.84268465E-06 2.55921197E-07
1.62126608E-01 1.84374080E-06 2.59412042E-07
1.62413913E-01 1.90300259E-06 2.57584973E-07
1.62701217E-01 1.94467162E-06 2.56393373E-07
1.62988520E-01 1.31855682E-06 2.59199289E-07
1.63275822E-01 1.90913841E-06 2.59946711E-07
1.63563124E-01 1.52259787E-06 2.58852806E-07
1.63850425E-01 1.71053452E-06 2.57061422E-07
1.64137725E-01 1.69721531E-06 2.57450320E-07
1.64425024E-01 1.67840748E-06 2.57618985E-07
1.64712322E-01 1.86399673E-06 2.57403057E-07
1.64999620E-01 1.96384945E-06 2.56337691E-07
1.65286917E-01 1.94159705E-06 2.57248415E-07
1.65574212E-01 1.84836937E-06 2.56429925E-07
1.65861507E-01 1.17531749E-06 2.52945792E-07
1.66148802E-01 1.12807766E-06 2.51144256E-07
1.66436095E-01 1.96344941E-06 2.51592666E-07
1.66723387E-01 1.90815217E-06 2.51718501E-07
1.67010679E-01 1.98117258E-06 2.56191543E-07
1.67297970E-01 1.86282800E-06 2.53076475E-07
1.67585260E-01 1.76122056E-06 2.54759141E-07
1.67872549E-01 1.99771788E-06 2.53541613E-07
1.68159837E-01 2.03112627E-06 2.54935287E-07
1.68447125E-01 1.65277830E-06 2.54684623E-07
1.68734412E-01 1.63110830E-06 2.53461623E-07
1.69021697E-01 1.44835325E-06 2.52861079E-07
1.69308982E-01 1.29958075E-06 2.52698022E-07
1.69596266E-01 2.28066357E-06 2.54081420E-07
1.69883549E-01 1.93133089E-06 2.53343474E-07
1.70170832E-01 1.39388436E-06 2.51996834E-07
1.70458113E-01 1.57390774E-06 2.54580285E-07
1.70745394E-01 1.51690586E-06 2.51533140E-07
1.71032674E-01 1.50427880E-06 2.52639660E-07
1.71319953E-01 1.53286865E-06 2.52208390E-07
1.71607231E-01 1.85000469E-06 2.53390959E-07
1.71894508E-01 1.25182218E-06 2.53142260E-07
1.72181784E-01 1.43952282E-06 2.49148023E-07
1.72469060E-01 1.44866490E-06 2.54206886E-07
1.72756335E-01 1.69456701E-06 2.51081396E-07
1.73043608E-01 1.43435272E-06 2.52075169E-07
1.73330881E-01 1.80476996E-06 2.53340582E-07
1.73618153E-01 1.34033887E-06 2.49562672E-07
1.73905424E-01 2.11706878E-06 2.53465720E-07
1.74192695E-01 9.49439430E-07 2.52190479E-07
1.74479964E-01 1.40256611E-06 2.50665319E-07
1.74767232E-01 1.59395521E-06 2.50026642E-07
1.75054500E-01 1.63345930E-06 2.48871534E-07
1.75341767E-01 8.99091164E-07 2.51699430E-07
1.75629033E-01 1.66248523E-06 2.49604329E-07
1.75916298E-01 1.59052612E-06 2.50009338E-07
1.76203562E-01 1.49292630E-06 2.48268586E-07
1.76490825E-01 1.40488543E-06 2.49255551E-07
1.76778087E-01 1.36155803E-06 2.49753165E-07
1.77065349E-01 1.26783830E-06 2.50821932E-07
1.77352609E-01 9.83800230E-07 2.47027772E-07
1.77639869E-01 1.56340954E-06 2.48530163E-07
1.77927128E-01 1.50703650E-06 2.48068707E-07
1.78214386E-01 1.47469309E-06 2.48613138E-07
1.78501643E-01 1.17242332E-06 2.45903785E-07
1.78788899E-01 1.21191234E-06 2.47202781E-07
1.79076154E-01 1.21917499E-06 2.45455984E-07
1.79363408E-01 9.35698680E-07 2.45171700E-07
1.79650662E-01 1.66327424E-06 2.41828371E-07
1.79937914E-01 1.47515105E-06 2.44292797E-07
1.80225166E-01 1.29254773E-06 2.43748863E-07
1.80512417E-01 1.64746790E-06 2.45602735E-07
1.80799666E-01 1.40134990E-06 2.45702564E-07
1.81086915E-01 1.34607662E-06 2.41628387E-07
1.81374163E-01 1.39911211E-06 2.44744179E-07
1.81661410E-01 1.30037495E-06 2.43585332E-07
1.81948656E-01 1.21228615E-06 2.43006769E-07
1.82235902E-01 1.48502424E-06 2.44683085E-07
1.82523146E-01 1.19364135E-06 2.42871986E-07
1.82810389E-01 8.83976061E-07 2.44541742E-07
1.83097632E-01 1.04520227E-06 2.39780626E-07
1.83384873E-01 1.02906760E-06 2.42503971E-07
1.83672114E-01 1.19142763E-06 2.45040709E-07
1.83959354E-01 9.88268293E-07 2.40566870E-07
1.84246592E-01 1.09897762E-06 2.44405009E-07
1.84533830E-01 1.05270561E-06 2.40649691E-07
1.84821067E-01 9.82681776E-07 2.40176504E-07
1.85108303E-01 1.22726237E-06 2.42914069E-07
1.85395538E-01 9.44338198E-07 2.41480685E-07
1.85682773E-01 1.19676212E-06 2.44474597E-07
1.85970006E-01 1.34449000E-06 2.39877818E-07
1.86257238E-01 9.71196158E-07 2.42019165E-07
1.86544469E-01 8.71162172E-07 2.40842081E-07
1.86831700E-01 1.22326030E-06 2.40404525E-07
1.87118929E-01 1.19497460E-06 2.41932028E-07
1.87406158E-01 1.31757915E-06 2.41136849E-07
1.87693385E-01 7.24104295E-07 2.42016367E-07
1.87980612E-01 1.19913728E-06 2.42958988E-07
1.88267838E-01 1.21312646E-06 2.39302923E-07
1.88555062E-01 1.12463369E-06 2.42052760E-07
1.88842286E-01 1.08301831E-06 2.41312816E-07
1.89129509E-01 1.06346603E-06 2.41683575E-07
1.89416731E-01 7.00899409E-07 2.40115616E-07
1.89703952E-01 1.42752105E-06 2.38904732E-07
1.89991172E-01 1.38580178E-06 2.41961816E-07
1.90278391E-01 9.93859071E-07 2.41014275E-07
1.90565609E-01 9.77641265E-07 2.39789882E-07
1.90852826E-01 1.19726351E-06 2.39744400E-07
1.91140043E-01 1.39636229E-06 2.38811909E-07
1.91427258E-01 9.07274845E-07 2.40774214E-07
1.91714472E-01 8.39614385E-07 2.38009662E-07
1.92001685E-01 9.02311022E-07 2.37809546E-07
1.92288898E-01 1.24260068E-06 2.40379022E-07
1.92576109E-01 1.27096731E-06 2.37821541E-07
1.92863319E-01 1.02255236E-06 2.40339244E-07
1.93150529E-01 1.35997857E-06 2.37935114E-07
1.93437737E-01 9.56599154E-07 2.38522032E-07
1.93724945E-01 9.63125917E-07 2.38329106E-07
1.94012151E-01 7.69919537E-07 2.43126078E-07
1.94299357E-01 1.24134517E-06 2.46854848E-07
1.94586562E-01 8.82997297E-07 2.49614196E-07
1.94873765E-01 9.40802854E-07 2.50885569E-07
1.95160968E-01 1.39139818E-06 2.53572610E-07
1.95448169E-01 8.30307784E-07 2.52346110E-07
1.95735370E-01 1.21641845E-06 2.50865347E-07
1.96022570E-01 8.96914322E-07 2.54956746E-07
1.96309768E-01 1.33385504E-06 2.54088416E-07
1.96596966E-01 9.05973747E-07 2.55087924E-07
1.96884163E-01 1.03947646E-06 2.50374182E-07
1.97171359E-01 7.25347450E-07 2.51156081E-07
1.97458553E-01 6.56768654E-07 2.55460159E-07
1.97745747E-01 5.18257728E-07 2.54271711E-07
1.98032940E-01 7.37670122E-07 2.53023125E-07
1.98320132E-01 9.46285003E-07 2.55581501E-07
1.98607322E-01 9.56766175E-07 2.56719405E-07
1.98894512E-01 1.12703227E-06 2.58062659E-07
1.99181701E-01 7.26623274E-07 2.46520038E-07
1.99468889E-01 6.92015220E-07 2.44981141E-07
1.99756075E-01 1.15045251E-06 2.43583519E-07
2.00043261E-01 1.08502575E-06 2.44744857E-07
2.00330446E-01 6.82681820E-07 2.42232613E-07
2.00617630E-01 1.01794817E-06 2.39853552E-07
2.00904812E-01 8.02757510E-07 2.42804603E-07
2.01191994E-01 9.26344751E-07 2.40916078E-07
2.01479175E-01 7.90775584E-07 2.41087871E-07
2.01766355E-01 6.94290637E-07 2.40273120E-07
2.02053533E-01 1.16541745E-06 2.39552580E-07
2.02340711E-01 5.58066010E-07 2.42134572E-07
2.02627888E-01 5.84172591E-07 2.38427161E-07
2.02915063E-01 1.15098698E-06 2.39459264E-07
2.03202238E-01 7.94653936E-07 2.39240412E-07
2.03489412E-01 6.33994774E-07 2.39462532E-07
2.03776584E-01 1.10858238E-06 2.40088182E-07
2.04063756E-01 5.57878040E-07 2.35904353E-07
2.04350926E-01 8.34215181E-07 2.39043124E-07
2.04638096E-01 9.75802188E-07 2.38346242E-07
2.04925264E-01 5.88420767E-07 2.36684203E-07
2.05212432E-01 1.11224698E-06 2.36912869E-07
2.05499598E-01 5.17352805E-07 2.35230817E-07
2.05786764E-01 1.28051868E-06 2.38251641E-07
2.06073928E-01 6.12268164E-07 2.35805802E-07
2.06361091E-01 1.05301946E-06 2.36171080E-07
2.06648254E-01 8.92686883E-07 2.35485493E-07
2.06935415E-01 3.94939821E-07 2.35712884E-07
2.07222575E-01 7.99817503E-07 2.36606274E-07
2.07509734E-01 6.44997422E-07 2.35934831E-07
2.07796893E-01 1.13189563E-06 2.35711069E-07
2.08084050E-01 9.41745690E-07 2.35784479E-07
2.08371206E-01 5.94931571E-07 2.37268283E-07
2.08658361E-01 8.87622074E-07 2.35714141E-07
2.08945515E-01 9.55951636E-07 2.32934388E-07
2.09232668E-01 1.04066645E-06 2.33907116E-07
2.09519819E-01 7.13637994E-07 2.33170437E-07
2.09806970E-01 8.50926656E-07 2.34662097E-07
2.10094120E-01 9.48766654E-07 2.34384039E-07
2.10381269E-01 5.34646601E-07 2.34336798E-07
2.10668416E-01 1.20784407E-06 2.35588005E-07
2.10955563E-01 5.67277501E-07 2.32976185E-07
2.11242708E-01 6.22072550E-07 2.34572942E-07
2.11529853E-01 6.28792086E-07 2.32643980E-07
2.11816996E-01 6.23501103E-07 2.32136779E-07
2.12104139E-01 8.27561630E-07 2.33979288E-07
2.12391280E-01 5.50198596E-07 2.31960737E-07
2.12678420E-01 5.87481391E-07 2.32223646E-07
2.12965559E-01 8.94419895E-07 2.31214605E-07
2.13252697E-01 8.88878397E-07 2.33069506E-07
2.13539834E-01 6.19290257E-07 2.32284304E-07
2.13826970E-01 4.02515559E-07 2.29963192E-07
2.14114105E-01 4.41271445E-07 2.30804794E-07
2.14401239E-01 2.84138717E-07 2.26436146E-07
2.14688372E-01 7.82247710E-07 2.28619564E-07
2.14975503E-01 7.62072199E-07 2.27572572E-07
2.15262634E-01 6.17644998E-07 2.27441917E-07
2.15549763E-01 7.39870847E-07 2.29955866E-07
2.15836892E-01 9.80179321E-07 2.29226021E-07
2.16124019E-01 1.00420430E-06 2.29574733E-07
2.16411145E-01 9.94274784E-07 2.27424466E-07
2.16698271E-01 9.13481929E-07 2.29007402E-07
2.16985395E-01 8.80208288E-07 2.29561532E-07
2.17272518E-01 6.77001925E-07 2.26607985E-07
2.17559639E-01 4.00983718E-07 2.28256299E-07
2.17846760E-01 8.46819679E-07 2.27259936E-07
2.18133880E-01 3.23243843E-07 2.26536318E-07
2.18420999E-01 4.89117330E-07 2.28678734E-07
2.18708116E-01 6.45282208E-07 2.26736741E-07
2.18995232E-01 4.06890740E-07 2.27159409E-07
2.19282348E-01 5.87247060E-07 2.28081860E-07
2.19569462E-01 3.07501028E-07 2.28316039E-07
2.19856575E-01 4.30894248E-07 2.26260159E-07
2.20143687E-01 4.72263417E-07 2.26959718E-07
2.20430798E-01 5.74719140E-07 2.29275016E-07
2.20717908E-01 6.54062176E-07 2.27060846E-07
2.21005016E-01 7.39303250E-07 2.28194510E-07
2.21292124E-01 5.17224960E-07 2.24409066E-07
2.21579230E-01 1.00206124E-06 2.26466214E-07
2.21866336E-01 7.23417987E-07 2.26253799E-07
2.22153440E-01 4.87309717E-07 2.26663129E-07
2.22440543E-01 3.44672381E-07 2.25533129E-07
2.22727645E-01 7.98768686E-07 2.26305371E-07
2.23014746E-01 6.15294064E-07 2.26143085E-07
2.23301846E-01 5.07977979E-07 2.26896692E-07
2.23588944E-01 3.01888456E-07 2.26207316E-07
2.23876042E-01 8.79735408E-07 2.26144843E-07
2.24163138E-01 6.99431847E-07 2.25698453E-07
2.24450234E-01 3.08517195E-07 2.25240625E-07
2.24737328E-01 2.98715340E-07 2.25132539E-07
2.25024421E-01 7.38023247E-07 2.26283644E-07
2.25311513E-01 6.43048822E-07 2.25527822E-07
2.25598603E-01 3.28196124E-07 2.24948651E-07
2.25885693E-01 6.19264733E-07 2.25259986E-07
2.26172782E-01 5.76490357E-07 2.23386567E-07
2.26459869E-01 7.27190574E-07 2.25808552E-07
2.26746955E-01 5.72019991E-07 2.22349595E-07
2.27034040E-01 3.46466027E-07 2.19815922E-07
2.27321124E-01 4.56909753E-07 2.19657706E-07
2.27608207E-01 6.27019933E-07 2.20967186E-07
2.27895289E-01 5.98593396E-07 2.23325570E-07
2.28182369E-01 4.98231909E-07 2.22047597E-07
2.28469449E-01 4.46057088E-07 2.22557767E-07
2.28756527E-01 3.80591576E-07 2.24485123E-07
2.29043604E-01 2.42668613E-07 2.21485494E-07
2.29330680E-01 9.20566031E-07 2.23052989E-07
2.29617755E-01 5.80013177E-07 2.20149255E-07
2.29904828E-01 8.88901237E-07 2.21745353E-07
2.30191901E-01 1.80503089E-07 2.22384791E-07
2.30478972E-01 1.06174829E-06 2.21413904E-07
2.30766042E-01 5.95034551E-07 2.22048726E-07
2.31053111E-01 4.94896602E-07 2.19119609E-07
2.31340179E-01 5.14054410E-07 2.21824122E-07
2.31627246E-01 3.10847313E-07 2.19099488E-07
2.31914311E-01 1.08620473E-06 2.17322175E-07
2.32201376E-01 5.08537299E-07 2.17556091E-07
2.32488439E-01 4.30787307E-07 2.16055928E-07
2.32775501E-01 5.30428525E-07 2.18860705E-07
2.33062562E-01 2.60864005E-07 2.17849820E-07
2.33349621E-01 5.04735850E-07 2.17337881E-07
2.33636680E-01 1.70536926E-07 2.19296656E-07
2.33923737E-01 4.98970253E-07 2.17747495E-07
2.34210794E-01 3.31161166E-07 2.18809282E-07
2.34497849E-01 7.90418037E-07 2.17179008E-07
2.34784902E-01 2.32217157E-07 2.17076763E-07
2.35071955E-01 5.88661100E-07 2.17875472E-07
2.35359006E-01 6.84240364E-07 2.19233015E-07
2.35646057E-01 3.53150944E-07 2.18661200E-07
2.35933106E-01 2.27241468E-07 2.17665629E-07
2.36220154E-01 6.13127680E-07 2.18845444E-07
2.36507201E-01 2.58655501E-07 2.18769793E-07
2.36794246E-01 4.13298271E-07 2.18511945E-07
2.37081290E-01 4.61078636E-07 2.19205325E-07
2.37368334E-01 8.64238831E-07 2.17349756E-07
2.37655376E-01 3.74719420E-07 2.18906053E-07
2.37942416E-01 3.49223497E-07 2.17575416E-07
2.38229456E-01 2.88590548E-07 2.17927976E-07
2.38516494E-01 4.26007755E-07 2.18520006E-07
2.38803532E-01 6.42927929E-07 2.17806950E-07
2.39090568E-01 3.19147642E-07 2.19621155E-07
2.39377602E-01 7.77206268E-07 2.15858237E-07
2.39664636E-01 3.69072320E-07 2.18204718E-07
2.39951668E-01 3.07411392E-07 2.17342459E-07
2.40238700E-01 4.42401788E-07 2.18073283E-07
2.40525730E-01 1.20830041E-07 2.17112757E-07
2.40812758E-01 4.65256514E-07 2.14482564E-07
2.41099786E-01 2.57409670E-07 2.18963638E-07
2.41386812E-01 4.23142915E-07 2.17153774E-07
2.41673838E-01 1.81776006E-07 2.16155331E-07
2.41960861E-01 2.91598933E-07 2.16965145E-07
2.42247884E-01 3.99523439E-07 2.16753686E-07
2.42534906E-01 4.77372027E-07 2.16868117E-07
2.42821926E-01 2.75209042E-07 2.15780022E-07
2.43108945E-01 5.62681859E-08 2.16158750E-07
2.43395963E-01 4.30994391E-07 2.15414373E-07
2.43682980E-01 2.48587602E-07 2.16849232E-07
2.43969995E-01 2.70931609E-07 2.18167722E-07
2.44257009E-01 2.84623967E-07 2.13932150E-07
2.44544022E-01 4.97408943E-07 2.16075065E-07
2.44831034E-01 5.33943329E-07 2.16236093E-07
2.45118045E-01 5.36847325E-07 2.15731020E-07
2.45405054E-01 2.74772823E-07 2.14531689E-07
2.45692062E-01 4.47318106E-07 2.14424248E-07
2.45979069E-01 3.67276654E-07 2.15596520E-07
2.46266074E-01 1.12274126E-07 2.14385165E-07
2.46553079E-01 4.79311209E-07 2.13672088E-07
2.46840082E-01 8.38387395E-08 2.14460467E-07
2.47127084E-01 -4.86477061E-08 2.13968736E-07
2.47414084E-01 4.19760600E-07 2.15447750E-07
2.47701084E-01 6.79253024E-07 2.13052807E-07
2.47988082E-01 4.79718065E-07 2.13080677E-07
2.48275079E-01 3.15341513E-07 2.13588932E-07
2.48562075E-01 4.21841981E-07 2.14464336E-07
2.48849069E-01 5.16586948E-07 2.14986000E-07
2.49136062E-01 1.60365486E-07 2.11144740E-07
2.49423054E-01 7.88181907E-07 2.11720740E-07
2.49710045E-01 5.47546368E-07 2.09579120E-07
2.49997034E-01 7.94669149E-07 2.11949371E-07
2.50284022E-01 5.61770145E-07 2.09918035E-07
2.50571009E-01 -6.33630666E-08 2.10398321E-07
2.50857995E-01 3.81182965E-07 2.11936247E-07
2.51144979E-01 4.49242651E-07 2.11032292E-07
2.51431962E-01 4.66687287E-07 2.10875106E-07
2.51718944E-01 2.58568000E-07 2.09668931E-07
2.52005925E-01 2.71946665E-07 2.11179915E-07
2.52292904E-01 4.11818471E-07 2.11594168E-07
2.52579882E-01 3.00746432E-07 2.11324864E-07
2.52866859E-01 3.32031423E-07 2.11316058E-07
2.53153835E-01 2.53454081E-07 2.11190042E-07
2.53440809E-01 4.71707414E-07 2.12623269E-07
2.53727782E-01 3.46510340E-07 2.11776012E-07
2.54014754E-01 7.54208800E-07 2.11278911E-07
2.54301724E-01 1.63890621E-07 2.11820724E-07
2.54588694E-01 3.93247782E-07 2.10352773E-07
2.54875661E-01 2.98800139E-07 2.10863449E-07
2.55162628E-01 9.21254500E-07 2.12534856E-07
2.55449593E-01 2.99072734E-07 2.17259222E-07
2.55736558E-01 5.05196983E-07 2.20565984E-07
2.56023520E-01 2.18229333E-07 2.17683652E-07
2.56310482E-01 6.47800465E-08 2.21305406E-07
2.56597442E-01 8.87015068E-07 2.19384624E-07
2.56884401E-01 1.56555633E-07 2.22143104E-07
2.57171359E-01 3.67259028E-07 2.24128341E-07
2.57458315E-01 2.82843323E-07 2.22183565E-07
2.57745270E-01 4.16596913E-07 2.23204660E-07
2.58032224E-01 2.46426337E-07 2.24269106E-07
2.58319176E-01 2.86408919E-07 2.23938026E-07
2.58606128E-01 -1.05175080E-08 2.25390738E-07
2.58893077E-01 4.14820115E-07 2.23874532E-07
2.59180026E-01 3.58761323E-07 2.27294841E-07
2.59466973E-01 4.25437321E-07 2.24846224E-07
2.59753919E-01 5.72791241E-07 2.28017918E-07
2.60040864E-01 3.73236586E-07 2.25870144E-07
2.60327807E-01 3.90646691E-07 2.26835884E-07
2.60614750E-01 2.32742838E-09 2.30249841E-07
2.60901690E-01 1.27488705E-07 2.26982973E-07
2.61188630E-01 1.51590986E-07 2.27351456E-07
2.61475568E-01 6.57453491E-07 2.28168509E-07
2.61762505E-01 4.47344858E-07 2.27998512E-07
2.62049440E-01 6.25428581E-07 2.30896460E-07
2.62336375E-01 5.05783862E-07 2.28031945E-07
2.62623307E-01 3.59705439E-07 2.27329363E-07
2.62910239E-01 5.29395853E-07 2.28985187E-07
2.63197169E-01 5.92103943E-07 2.30774917E-07
2.63484098E-01 3.91774091E-07 2.30219600E-07
2.63771026E-01 2.47613039E-07 2.30268960E-07
2.64057952E-01 4.13580742E-07 2.30178812E-07
2.64344877E-01 1.04740669E-06 2.30332247E-07
2.64631801E-01 3.85030482E-07 2.31002576E-07
2.64918723E-01 2.38774953E-07 2.28349574E-07
2.65205644E-01 1.93810011E-07 2.31633448E-07
2.65492564E-01 8.80970544E-07 2.32473519E-07
2.65779482E-01 9.72429401E-08 2.32893492E-07
2.66066399E-01 5.26814765E-07 2.30717638E-07
2.66353315E-01 -9.88153285E-09 2.29564030E-07
2.66640229E-01 5.89597601E-07 2.30933741E-07
2.66927142E-01 3.29735382E-07 2.36758556E-07
2.67214054E-01 2.89787692E-07 2.42557610E-07
2.67500964E-01 4.56500603E-07 2.43811356E-07
2.67787873E-01 6.50016315E-07 2.44179898E-07
2.68074781E-01 5.53417214E-07 2.51772362E-07
2.68361687E-01 4.62500450E-07 2.49948027E-07
2.68648592E-01 4.95711111E-07 2.54598084E-07
2.68935496E-01 3.78143305E-07 2.57671849E-07
2.69222398E-01 9.79046191E-08 2.58126322E-07
2.69509299E-01 4.72191993E-07 2.61112420E-07
2.69796199E-01 -1.06095373E-07 2.59955957E-07
2.70083097E-01 5.38389322E-07 2.65558294E-07
2.70369994E-01 2.82859955E-07 2.65549927E-07
2.70656889E-01 5.95407562E-07 2.70043055E-07
2.70943783E-01 3.15091569E-07 2.71237331E-07
2.71230676E-01 2.13037459E-07 2.69542899E-07
2.71517568E-01 3.71933064E-07 2.72283335E-07
2.71804458E-01 6.56702272E-07 2.73044047E-07
2.72091346E-01 3.73192425E-07 2.73141911E-07
2.72378234E-01 8.94633864E-07 2.78108634E-07
2.72665120E-01 4.32145818E-08 2.73006961E-07
2.72952004E-01 9.78261845E-08 2.78582866E-07
2.73238888E-01 6.24357569E-07 2.76108942E-07
2.73525769E-01 -3.01557083E-07 2.76723862E-07
2.73812650E-01 5.71570109E-07 2.81296686E-07
2.74099529E-01 4.08492989E-07 2.78940427E-07
2.74386407E-01 3.35619670E-07 2.84019848E-07
2.74673283E-01 1.21026414E-07 2.81748672E-07
2.74960158E-01 -2.40366491E-07 2.83145277E-07
2.75247032E-01 4.81316875E-07 2.85656794E-07
2.75533904E-01 3.65428314E-07 2.85828085E-07
2.75820775E-01 7.62747859E-07 2.86168388E-07
2.76107644E-01 3.79967807E-07 2.84521817E-07
2.76394513E-01 1.99516356E-07 2.88387726E-07
2.76681379E-01 4.47426971E-07 2.92184411E-07
2.76968245E-01 4.29846404E-07 2.85920836E-07
2.77255108E-01 1.90701007E-07 2.89798619E-07
2.77541971E-01 -1.52307799E-07 2.89122275E-07
2.77828832E-01 -4.68794933E-08 2.90419515E-07
2.78115692E-01 3.54715372E-07 2.92608110E-07
2.78402550E-01 7.87180053E-08 2.88557151E-07
2.78689407E-01 1.35659944E-07 2.95225033E-07
2.78976263E-01 3.99965292E-07 2.94861732E-07
2.79263117E-01 5.74033086E-07 2.94876872E-07
2.79549970E-01 9.95612330E-08 2.95667148E-07
2.79836821E-01 3.95172376E-07 2.94042606E-07
2.80123671E-01 8.80829155E-07 2.98541868E-07
2.80410520E-01 4.17365599E-07 2.98921294E-07
2.80697367E-01 3.62529746E-07 2.96339673E-07
2.80984213E-01 2.01042855E-07 3.00472848E-07
2.81271057E-01 1.64785000E-07 3.01195788E-07
2.81557900E-01 4.90246791E-07 2.99413988E-07
2.81844742E-01 2.36387150E-07 3.02556119E-07
2.82131582E-01 4.82241400E-07 3.00655779E-07
2.82418420E-01 -6.56603463E-10 3.05212430E-07
2.82705258E-01 2.77951843E-08 3.06397519E-07
2.82992094E-01 2.41262431E-07 3.04916567E-07
2.83278928E-01 -1.82142221E-07 3.08836882E-07
2.83565761E-01 9.75870254E-07 3.06029705E-07
2.83852593E-01 2.94542638E-07 3.09830570E-07
2.84139423E-01 3.06581218E-07 3.11192878E-07
2.84426252E-01 -4.68517804E-08 3.05957737E-07
2.84713079E-01 8.85762177E-07 3.14698634E-07
2.84999905E-01 4.97555391E-07 3.08019845E-07
2.85286730E-01 3.17592750E-07 3.13741786E-07
2.85573553E-01 5.34227111E-07 3.10709044E-07
2.85860374E-01 3.22796666E-07 3.09208020E-07
2.86147194E-01 -1.27891391E-07 3.18910984E-07
2.86434013E-01 3.02724189E-08 3.11686452E-07
2.86720831E-01 6.62092763E-07 3.16427060E-07
2.87007646E-01 -6.25754256E-09 3.14696076E-07
2.87294461E-01 -3.07503134E-07 3.13002777E-07
2.87581274E-01 9.29478145E-08 3.24877926E-07
2.87868085E-01 -2.29699900E-08 3.09485990E-07
2.88154896E-01 -1.55281917E-07 3.18762701E-07
2.88441704E-01 1.34246405E-07 3.19337558E-07
2.88728512E-01 5.13369644E-07 3.20531950E-07
2.89015317E-01 3.59706414E-07 3.27644253E-07
2.89302122E-01 -1.23736382E-07 3.15136630E-07
2.89588925E-01 -1.31702510E-08 3.24998622E-07
2.89875726E-01 7.15081148E-07 3.25000062E-07
2.90162526E-01 3.07775097E-07 3.26207271E-07
2.90449325E-01 7.26486398E-07 3.28056580E-07
2.90736122E-01 3.12090339E-07 3.23530125E-07
2.91022917E-01 -1.14654178E-07 3.31940784E-07
2.91309712E-01 1.90208461E-07 3.30393752E-07
2.91596504E-01 4.81973334E-07 3.28382317E-07
2.91883296E-01 -9.79681061E-08 3.31401058E-07
2.92170085E-01 -2.58334183E-07 3.30806381E-07
2.92456874E-01 8.73643601E-07 3.35649086E-07
2.92743661E-01 1.18736790E-08 3.30870881E-07
2.93030446E-01 2.28864944E-07 3.34348095E-07
2.93317230E-01 4.85238990E-07 3.35537451E-07
2.93604012E-01 2.96386175E-07 3.36201885E-07
2.93890793E-01 3.81636699E-07 3.37970919E-07
2.94177573E-01 7.18828734E-07 3.36975024E-07
2.94464351E-01 8.78367601E-09 3.42005783E-07
2.94751127E-01 7.22858117E-07 3.41502460E-07
2.95037903E-01 2.87696624E-07 3.39736887E-07
2.95324676E-01 4.23874219E-07 3.39679198E-07
2.95611448E-01 4.08241273E-07 3.45094984E-07
2.95898219E-01 3.34636675E-07 3.49712836E-07
2.96184988E-01 -2.36576722E-07 3.41761954E-07
2.96471756E-01 4.21924034E-07 3.42935209E-07
2.96758522E-01 1.70864484E-07 3.44662187E-07
2.97045287E-01 4.63473915E-07 3.48789965E-07
2.97332050E-01 3.13135798E-07 3.47636679E-07
2.97618812E-01 1.02369566E-07 3.46706493E-07
2.97905572E-01 6.11245083E-08 3.53259347E-07
2.98192331E-01 1.41956497E-06 3.47697669E-07
2.98479088E-01 5.77391273E-07 3.56878375E-07
2.98765844E-01 1.43981056E-07 3.48841205E-07
2.99052598E-01 2.34680550E-07 3.52269014E-07
2.99339351E-01 1.43392221E-07 3.53541721E-07
2.99626102E-01 5.29253488E-07 3.49730756E-07
2.99912852E-01 5.89887654E-07 3.54505742E-07
3.00199600E-01 5.55362788E-08 3.48256434E-07
3.00486347E-01 1.42942846E-07 3.52108325E-07
3.00773092E-01 3.39718052E-07 3.58045030E-07
3.01059836E-01 5.75171784E-07 3.51367297E-07
3.01346578E-01 2.87912135E-07 3.61875813E-07
3.01633319E-01 1.02053517E-06 3.51045877E-07
3.01920058E-01 2.53203841E-07 3.63508562E-07
3.02206796E-01 8.48262086E-07 3.60935105E-07
3.02493532E-01 1.93296952E-07 3.55202559E-07
3.02780267E-01 1.29367104E-06 3.69249359E-07
3.03067000E-01 1.13231216E-07 3.57694331E-07
3.03353732E-01 4.69998795E-07 3.63943886E-07
3.03640462E-01 6.45234882E-07 3.64225250E-07
3.03927190E-01 5.00997304E-07 3.62871342E-07
3.04213918E-01 7.69708647E-07 3.75010931E-07
3.04500643E-01 7.70871491E-07 3.61830204E-07
3.04787367E-01 -6.17508783E-09 3.72485523E-07
3.05074090E-01 7.17461407E-07 3.68828126E-07
3.05360811E-01 4.98612855E-07 3.70470265E-07
3.05647530E-01 6.20490174E-07 3.77117450E-07
3.05934248E-01 6.39229352E-07 3.69925794E-07
3.06220965E-01 1.66022518E-07 3.79451905E-07
3.06507679E-01 1.04081532E-06 3.71237588E-07
3.06794393E-01 2.74728903E-07 3.75895077E-07
3.07081105E-01 -1.26120189E-07 3.79859480E-07
3.07367815E-01 -2.48137322E-07 3.77334202E-07
3.07654524E-01 4.92164341E-08 3.82478328E-07
3.07941231E-01 6.33746715E-07 3.76334191E-07
3.08227936E-01 7.69086480E-07 3.83774533E-07
3.08514640E-01 -1.25833480E-07 3.80090464E-07
3.08801343E-01 2.43138613E-07 3.81106337E-07
3.09088044E-01 3.30768302E-07 3.91284593E-07
3.09374743E-01 1.32374174E-07 3.74596522E-07
3.09661441E-01 -2.10186771E-07 3.92956559E-07
3.09948138E-01 5.20832100E-07 3.81424969E-07
3.10234833E-01 1.82029796E-08 3.88573188E-07
3.10521526E-01 3.84664924E-07 3.92178032E-07
3.10808218E-01 -4.87565556E-07 3.88552667E-07
3.11094908E-01 4.86752242E-07 4.00504913E-07
3.11381596E-01 3.80948101E-07 3.86586889E-07
3.11668283E-01 1.05272696E-07 3.98553746E-07
3.11954969E-01 7.27658761E-07 3.94799094E-07
3.12241653E-01 3.02661764E-07 4.00108139E-07
3.12528335E-01 3.69434759E-07 4.01743745E-07
3.12815016E-01 8.43788879E-07 3.93490121E-07
3.13101695E-01 4.30131624E-07 4.09110055E-07
3.13388373E-01 2.29807452E-07 3.94910698E-07
3.13675049E-01 1.11997654E-07 4.09580306E-07
3.13961723E-01 7.04992474E-07 4.07667125E-07
3.14248396E-01 6.84358433E-07 4.01099551E-07
3.14535067E-01 2.73793507E-07 4.12763730E-07
3.14821737E-01 3.53708320E-07 4.01146729E-07
3.15108405E-01 -3.64025668E-07 4.14913322E-07
3.15395072E-01 1.43096636E-07 4.13811801E-07
3.15681737E-01 4.34106100E-07 4.09431508E-07
3.15968401E-01 1.27747887E-07 4.20653074E-07
3.16255063E-01 4.05225528E-07 4.08319008E-07
3.16541723E-01 4.85471832E-07 4.22397677E-07
3.16828382E-01 2.24646583E-07 4.17402256E-07
3.17115039E-01 2.40232681E-07 4.21729078E-07
3.17401694E-01 7.11677826E-07 4.38841333E-07
3.17688348E-01 6.33154235E-07 4.12487950E-07
3.17975001E-01 -1.11555252E-07 4.30610235E-07
3.18261651E-01 7.83410528E-07 4.22023956E-07
3.18548301E-01 3.95160552E-07 4.31355494E-07
3.18834948E-01 4.24902844E-08 4.30087705E-07
3.19121594E-01 1.49088998E-07 4.27314061E-07
3.19408239E-01 -9.47385181E-07 4.34428789E-07
3.19694881E-01 3.36351584E-07 4.28345035E-07
3.19981523E-01 1.06180530E-07 4.36417913E-07
3.20268162E-01 1.73039381E-07 4.37135902E-07
3.20554800E-01 -1.97503091E-07 4.35852380E-07
3.20841436E-01 6.86999322E-07 4.50868663E-07
3.21128071E-01 1.82540635E-07 4.31898725E-07
3.21414704E-01 1.27028044E-07 4.44789985E-07
3.21701336E-01 3.45388838E-07 4.41521186E-07
3.21987966E-01 3.45961065E-07 4.48572005E-07
3.22274594E-01 9.59392682E-07 4.47502878E-07
3.22561221E-01 -2.90392767E-07 4.44553101E-07
3.22847846E-01 1.95065175E-07 4.53355744E-07
3.23134470E-01 1.30852839E-06 4.49845676E-07
3.23421092E-01 5.54133246E-07 4.56699958E-07
3.23707712E-01 6.96718849E-07 4.53421361E-07
3.23994330E-01 3.55544005E-07 4.55672166E-07
3.24280948E-01 6.91114730E-07 4.69823258E-07
3.24567563E-01 -1.39801448E-07 4.56704179E-07
3.24854177E-01 6.70275414E-07 4.67825290E-07
3.25140789E-01 1.15650547E-06 4.56666998E-07
3.25427399E-01 3.18373344E-07 4.70894710E-07
3.25714008E-01 -8.82969165E-07 4.77495113E-07
3.26000616E-01 5.17671735E-07 4.58888879E-07
3.26287221E-01 -6.37217437E-08 4.77011755E-07
3.26573825E-01 2.26997950E-07 4.64687517E-07
3.26860428E-01 5.03293181E-07 4.77806628E-07
3.27147028E-01 4.91667334E-07 4.76347550E-07
3.27433627E-01 6.20404300E-07 4.80136496E-07
3.27720225E-01 1.23340339E-07 4.93075469E-07
3.28006821E-01 -6.02738032E-07 4.74594271E-07
3.28293415E-01 -3.01698144E-07 4.85266633E-07
3.28580007E-01 5.75874472E-07 4.80979506E-07
3.28866598E-01 1.22329885E-07 4.91905274E-07
3.29153187E-01 -5.71526946E-07 4.97862842E-07
3.29439775E-01 -4.40314639E-08 4.88342033E-07
3.29726361E-01 6.40682719E-07 5.00289848E-07
3.30012945E-01 2.83611094E-07 4.91104697E-07
3.30299528E-01 1.58820725E-07 4.96837281E-07
3.30586109E-01 3.82081002E-07 5.06116947E-07
3.30872688E-01 1.05246926E-06 4.93591109E-07
3.31159266E-01 -2.30412618E-07 5.05357426E-07
3.31445842E-01 1.22942909E-06 4.84133595E-07
3.31732416E-01 1.12401936E-06 4.98713884E-07
3.32018989E-01 -3.35269831E-07 4.95478021E-07
3.32305560E-01 5.87241588E-07 5.01695044E-07
3.32592129E-01 5.37197519E-07 5.11749010E-07
3.32878697E-01 4.36067714E-07 4.78764099E-07
3.33165263E-01 1.09176040E-06 5.20334311E-07
3.33451828E-01 -8.86434584E-07 5.03182968E-07
3.33738390E-01 -1.54095295E-07 5.10918260E-07
3.34024951E-01 9.17409410E-07 5.24955371E-07
3.34311511E-01 2.63856645E-07 5.00096377E-07
3.34598069E-01 2.34103761E-07 5.22786775E-07
3.34884625E-01 1.01329176E-06 5.04470873E-07
3.35171179E-01 5.08669553E-07 5.20177795E-07
3.35457732E-01 -1.29591835E-07 5.17955388E-07
3.35744283E-01 1.73000876E-07 5.22163477E-07
3.36030832E-01 1.06930557E-06 5.33650272E-07
3.36317380E-01 8.35932937E-07 5.14966564E-07
3.36603925E-01 9.25050130E-07 5.35452130E-07
3.36890470E-01 6.97145333E-07 5.33195246E-07
3.37177012E-01 8.30317736E-07 5.37730874E-07
3.37463553E-01 7.01676080E-07 5.49270034E-07
3.37750092E-01 -3.78732246E-07 5.20009531E-07
3.38036630E-01 2.56760572E-07 5.59974536E-07
3.38323166E-01 3.01009977E-07 5.35310217E-07
3.38609700E-01 -4.56891357E-07 5.51770042E-07
3.38896232E-01 -3.97392436E-07 5.58649909E-07
3.39182763E-01 -1.02416328E-07 5.42701680E-07
3.39469292E-01 6.71244321E-07 5.72341733E-07
3.39755820E-01 -1.83206452E-08 5.33854042E-07
3.40042345E-01 2.30601247E-07 5.69993924E-07
3.40328869E-01 -1.19350871E-07 5.56875703E-07
3.40615391E-01 7.87176091E-07 5.69687550E-07
3.40901912E-01 -4.17188999E-07 5.78959056E-07
3.41188431E-01 1.49301573E-06 5.52407838E-07
3.41474948E-01 4.72134320E-07 6.01774566E-07
3.41761463E-01 3.90757812E-07 5.56669177E-07
3.42047977E-01 1.14094193E-06 5.84608175E-07
3.42334489E-01 -4.71788922E-07 5.90561873E-07
3.42620999E-01 4.67531500E-07 5.83389595E-07
3.42907508E-01 1.12894535E-06 6.04880651E-07
3.43194015E-01 -7.31185793E-07 5.74149124E-07
3.43480520E-01 4.45027807E-07 6.01186242E-07
3.43767023E-01 9.89460158E-07 6.00671011E-07
3.44053525E-01 6.46912386E-07 6.08854179E-07
3.44340025E-01 1.34190256E-06 6.22433829E-07
3.44626523E-01 1.15097640E-06 5.99101751E-07
3.44913020E-01 -8.81792652E-07 6.25710509E-07
3.45199515E-01 1.10063640E-06 6.05778790E-07
3.45486008E-01 -1.30632462E-06 6.22834914E-07
3.45772499E-01 -5.59298078E-07 6.63569879E-07
3.46058989E-01 -9.01764837E-08 6.02153108E-07
3.46345477E-01 6.62549628E-07 6.68770846E-07
3.46631963E-01 1.31974681E-06 6.20401582E-07
3.46918447E-01 2.27005102E-07 6.61167294E-07
3.47204930E-01 2.84618535E-07 6.52769413E-07
3.47491411E-01 1.13831438E-07 6.38546874E-07
3.47777890E-01 8.36906063E-07 6.77265861E-07
3.48064368E-01 3.12093232E-08 6.34770521E-07
3.48350844E-01 3.86979243E-07 6.81106810E-07
3.48637318E-01 3.90442249E-07 6.58933171E-07
3.48923790E-01 2.71559518E-07 6.93932658E-07
3.49210260E-01 -6.24445284E-07 7.15291506E-07
3.49496729E-01 1.14626017E-07 6.47828566E-07
3.49783196E-01 4.35359439E-07 7.05569320E-07
3.50069662E-01 3.65170931E-07 6.85301619E-07
3.50356125E-01 -7.04578909E-07 7.04816082E-07
3.50642587E-01 6.71375813E-07 7.15149273E-07
3.50929047E-01 -7.57859837E-07 7.08156954E-07
3.51215505E-01 2.22056003E-06 7.47921411E-07
3.51501962E-01 -5.36241829E-07 6.87976103E-07
3.51788416E-01 4.85637769E-07 7.53036991E-07
3.52074869E-01 5.48008381E-07 7.37124336E-07
3.52361321E-01 -1.61521999E-07 7.42108064E-07
3.52647770E-01 -4.55553512E-07 8.16615195E-07
3.52934218E-01 -9.35534216E-07 7.11617270E-07
3.53220664E-01 1.10251774E-06 8.06406769E-07
3.53507108E-01 6.46564755E-07 7.45571222E-07
3.53793550E-01 -9.79627258E-08 7.86144064E-07
3.54079991E-01 -8.33294437E-08 8.21379215E-07
3.54366430E-01 9.39721624E-07 7.63726655E-07
3.54652867E-01 2.66867902E-06 8.63698032E-07
3.54939302E-01 4.16479121E-07 7.64024749E-07
3.55225736E-01 7.37323854E-07 8.54560685E-07
3.55512168E-01 1.26462713E-07 7.99477708E-07
3.55798598E-01 -3.38080640E-08 8.28434166E-07
3.56085026E-01 4.15547967E-07 9.09263001E-07
3.56371452E-01 -1.76831782E-07 7.93325570E-07
3.56657877E-01 -1.52906393E-07 9.35188462E-07
3.56944300E-01 -6.43519408E-07 8.32967317E-07
3.57230721E-01 1.41632890E-06 9.22634980E-07
3.57517140E-01 1.03435562E-06 9.50840655E-07
3.57803558E-01 -2.77557362E-07 8.60688913E-07
3.58089973E-01 3.74490049E-08 9.70942278E-07
3.58376387E-01 -1.55050040E-06 8.97427927E-07
3.58662800E-01 -2.39277446E-07 9.85687708E-07
3.58949210E-01 1.89800575E-06 9.76993956E-07
3.59235618E-01 2.67628683E-07 9.64292948E-07
3.59522025E-01 7.82037225E-07 1.05318093E-06
3.59808430E-01 -6.23046387E-07 9.45939959E-07
3.60094833E-01 -3.03069402E-07 1.08982643E-06
3.60381235E-01 -5.22034505E-07 1.02439720E-06
3.60667634E-01 1.83487657E-06 1.05040154E-06
3.60954032E-01 8.76491212E-07 1.14545926E-06
3.61240428E-01 3.08603081E-07 1.05728538E-06
3.61526822E-01 -2.27164276E-07 1.13862872E-06
3.61813215E-01 -8.52296931E-08 1.13109736E-06
3.62099605E-01 -9.06394414E-07 1.16276388E-06
3.62385994E-01 -1.48147994E-07 1.25267245E-06
3.62672381E-01 1.35966077E-06 1.11893740E-06
3.62958766E-01 -1.46101245E-06 1.32413480E-06


### HEADER:

{
    "Notes": "", 
    "analysis": {
        "guinier": {
            "I0": "0.000102841551031", 
            "I0_autorg_err": "3.325E-08", 
            "I0_err": 1.7245270706360305e-07, 
            "I0_est_err": -1, 
            "I0_fit_err": 1.7245270706360305e-07, 
            "Rg": "40.6658453756", 
            "Rg_autorg_err": "0.0516", 
            "Rg_err": 0.13147052493515937, 
            "Rg_est_err": -1, 
            "Rg_fit_err": 0.13147052493515937, 
            "nEnd": 87, 
            "nStart": 0, 
            "qEnd": "0.02962", 
            "qRg_max": "1.2043539369894318", 
            "qRg_min": "0.18708573048416205", 
            "qStart": "0.0046", 
            "rsq": "0.9922538120959261"
        }
    }, 
    "filename": "S_A_TS10_012_0529.dat", 
    "history": {
        "subtraction": {
            "initial_file": [
                "A_TS10_012_0529.tif", 
                {
                    "averaged_files": [
                        [
                            "TS10_012_0529.tif"
                        ], 
                        [
                            "TS10_012_0530.tif"
                        ], 
                        [
                            "TS10_012_0531.tif"
                        ], 
                        [
                            "TS10_012_0532.tif"
                        ], 
                        [
                            "TS10_012_0533.tif"
                        ], 
                        [
                            "TS10_012_0534.tif"
                        ], 
                        [
                            "TS10_012_0535.tif"
                        ], 
                        [
                            "TS10_012_0536.tif"
                        ], 
                        [
                            "TS10_012_0537.tif"
                        ], 
                        [
                            "TS10_012_0538.tif"
                        ], 
                        [
                            "TS10_012_0539.tif"
                        ], 
                        [
                            "TS10_012_0540.tif"
                        ], 
                        [
                            "TS10_012_0541.tif"
                        ], 
                        [
                            "TS10_012_0542.tif"
                        ], 
                        [
                            "TS10_012_0543.tif"
                        ], 
                        [
                            "TS10_012_0544.tif"
                        ], 
                        [
                            "TS10_012_0545.tif"
                        ], 
                        [
                            "TS10_012_0546.tif"
                        ], 
                        [
                            "TS10_012_0547.tif"
                        ], 
                        [
                            "TS10_012_0548.tif"
                        ], 
                        [
                            "TS10_012_0549.tif"
                        ], 
                        [
                            "TS10_012_0550.tif"
                        ], 
                        [
                            "TS10_012_0551.tif"
                        ], 
                        [
                            "TS10_012_0552.tif"
                        ], 
                        [
                            "TS10_012_0553.tif"
                        ], 
                        [
                            "TS10_012_0554.tif"
                        ], 
                        [
                            "TS10_012_0555.tif"
                        ], 
                        [
                            "TS10_012_0556.tif"
                        ], 
                        [
                            "TS10_012_0557.tif"
                        ], 
                        [
                            "TS10_012_0558.tif"
                        ], 
                        [
                            "TS10_012_0559.tif"
                        ]
                    ]
                }
            ], 
            "subtracted_file": [
                "A_TS10_012_0474.tif", 
                {
                    "averaged_files": [
                        [
                            "TS10_012_0474.tif"
                        ], 
                        [
                            "TS10_012_0475.tif"
                        ], 
                        [
                            "TS10_012_0476.tif"
                        ], 
                        [
                            "TS10_012_0477.tif"
                        ], 
                        [
                            "TS10_012_0478.tif"
                        ], 
                        [
                            "TS10_012_0479.tif"
                        ], 
                        [
                            "TS10_012_0480.tif"
                        ], 
                        [
                            "TS10_012_0481.tif"
                        ], 
                        [
                            "TS10_012_0482.tif"
                        ], 
                        [
                            "TS10_012_0483.tif"
                        ], 
                        [
                            "TS10_012_0484.tif"
                        ], 
                        [
                            "TS10_012_0485.tif"
                        ], 
                        [
                            "TS10_012_0486.tif"
                        ], 
                        [
                            "TS10_012_0487.tif"
                        ], 
                        [
                            "TS10_012_0488.tif"
                        ], 
                        [
                            "TS10_012_0489.tif"
                        ], 
                        [
                            "TS10_012_0490.tif"
                        ], 
                        [
                            "TS10_012_0491.tif"
                        ], 
                        [
                            "TS10_012_0492.tif"
                        ], 
                        [
                            "TS10_012_0493.tif"
                        ], 
                        [
                            "TS10_012_0494.tif"
                        ], 
                        [
                            "TS10_012_0495.tif"
                        ], 
                        [
                            "TS10_012_0496.tif"
                        ], 
                        [
                            "TS10_012_0497.tif"
                        ], 
                        [
                            "TS10_012_0498.tif"
                        ], 
                        [
                            "TS10_012_0499.tif"
                        ], 
                        [
                            "TS10_012_0500.tif"
                        ], 
                        [
                            "TS10_012_0629.tif"
                        ], 
                        [
                            "TS10_012_0630.tif"
                        ], 
                        [
                            "TS10_012_0631.tif"
                        ], 
                        [
                            "TS10_012_0632.tif"
                        ], 
                        [
                            "TS10_012_0633.tif"
                        ], 
                        [
                            "TS10_012_0634.tif"
                        ], 
                        [
                            "TS10_012_0635.tif"
                        ], 
                        [
                            "TS10_012_0636.tif"
                        ], 
                        [
                            "TS10_012_0637.tif"
                        ], 
                        [
                            "TS10_012_0638.tif"
                        ], 
                        [
                            "TS10_012_0639.tif"
                        ], 
                        [
                            "TS10_012_0640.tif"
                        ], 
                        [
                            "TS10_012_0641.tif"
                        ], 
                        [
                            "TS10_012_0642.tif"
                        ], 
                        [
                            "TS10_012_0643.tif"
                        ], 
                        [
                            "TS10_012_0644.tif"
                        ], 
                        [
                            "TS10_012_0645.tif"
                        ], 
                        [
                            "TS10_012_0646.tif"
                        ], 
                        [
                            "TS10_012_0647.tif"
                        ], 
                        [
                            "TS10_012_0648.tif"
                        ], 
                        [
                            "TS10_012_0649.tif"
                        ], 
                        [
                            "TS10_012_0650.tif"
                        ], 
                        [
                            "TS10_012_0651.tif"
                        ], 
                        [
                            "TS10_012_0652.tif"
                        ], 
                        [
                            "TS10_012_0653.tif"
                        ], 
                        [
                            "TS10_012_0654.tif"
                        ], 
                        [
                            "TS10_012_0655.tif"
                        ], 
                        [
                            "TS10_012_0656.tif"
                        ], 
                        [
                            "TS10_012_0657.tif"
                        ], 
                        [
                            "TS10_012_0658.tif"
                        ], 
                        [
                            "TS10_012_0659.tif"
                        ], 
                        [
                            "TS10_012_0660.tif"
                        ], 
                        [
                            "TS10_012_0661.tif"
                        ], 
                        [
                            "TS10_012_0662.tif"
                        ], 
                        [
                            "TS10_012_0663.tif"
                        ], 
                        [
                            "TS10_012_0664.tif"
                        ], 
                        [
                            "TS10_012_0665.tif"
                        ]
                    ]
                }
            ]
        }
    }
}

