### DATA:

         Q               I              Error
1249
4.60056169E-03 6.97987350E-05 2.33104009E-05
4.88809666E-03 7.43133095E-05 1.12503914E-05
5.17563161E-03 7.19321812E-05 7.34042670E-06
5.46316653E-03 6.27313807E-05 4.47940163E-06
5.75070142E-03 6.69693072E-05 3.34042409E-06
6.03823629E-03 6.68156644E-05 2.66087990E-06
6.32577112E-03 6.65018372E-05 2.34016098E-06
6.61330592E-03 6.58851565E-05 2.21600725E-06
6.90084069E-03 6.59337853E-05 1.87336134E-06
7.18837542E-03 6.33096311E-05 1.75132506E-06
7.47591012E-03 6.37090972E-05 1.67009286E-06
7.76344478E-03 6.32077985E-05 1.62024042E-06
8.05097940E-03 6.07169632E-05 1.48059489E-06
8.33851398E-03 6.24796270E-05 1.40547834E-06
8.62604852E-03 6.21165581E-05 1.42689291E-06
8.91358301E-03 6.28766761E-05 1.34551220E-06
9.20111746E-03 6.36214043E-05 1.30268473E-06
9.48865187E-03 6.03498818E-05 1.28113985E-06
9.77618622E-03 6.29494250E-05 1.23496172E-06
1.00637205E-02 6.22141631E-05 1.26288504E-06
1.03512548E-02 6.26846988E-05 1.15854931E-06
1.06387890E-02 5.97105824E-05 1.16976683E-06
1.09263231E-02 6.23573894E-05 1.14228905E-06
1.12138572E-02 6.17083085E-05 1.12806716E-06
1.15013913E-02 6.43049072E-05 1.18425472E-06
1.17889253E-02 6.09516029E-05 1.14743861E-06
1.20764592E-02 6.00815965E-05 1.16536591E-06
1.23639930E-02 5.83511553E-05 1.13391043E-06
1.26515268E-02 5.98920746E-05 1.17203171E-06
1.29390606E-02 5.92864640E-05 1.13925275E-06
1.32265942E-02 6.09777829E-05 1.14033142E-06
1.35141278E-02 5.92213591E-05 1.12917745E-06
1.38016614E-02 5.97511913E-05 1.09398545E-06
1.40891949E-02 5.85838586E-05 1.11806139E-06
1.43767282E-02 5.73099688E-05 1.10470543E-06
1.46642616E-02 5.79322377E-05 1.05325258E-06
1.49517948E-02 5.79321998E-05 1.09757936E-06
1.52393280E-02 5.81322363E-05 1.10723996E-06
1.55268611E-02 5.55239553E-05 1.14302762E-06
1.58143941E-02 5.68022650E-05 1.15423485E-06
1.61019271E-02 5.77001058E-05 1.13147554E-06
1.63894599E-02 5.72276352E-05 1.05715376E-06
1.66769927E-02 5.62743874E-05 1.04094151E-06
1.69645254E-02 5.61711894E-05 1.04072252E-06
1.72520580E-02 5.96801529E-05 1.04406670E-06
1.75395905E-02 5.34359280E-05 1.06256013E-06
1.78271229E-02 5.35806733E-05 1.03243416E-06
1.81146553E-02 5.43610046E-05 9.93377744E-07
1.84021875E-02 5.37115381E-05 1.03161420E-06
1.86897197E-02 5.43999429E-05 9.80717638E-07
1.89772518E-02 5.29140189E-05 9.61035466E-07
1.92647837E-02 5.15714417E-05 9.53536451E-07
1.95523156E-02 5.23485415E-05 9.37352275E-07
1.98398474E-02 5.26463551E-05 9.05944778E-07
2.01273790E-02 5.23793696E-05 8.76010516E-07
2.04149106E-02 5.25140028E-05 9.11009082E-07
2.07024421E-02 5.18904831E-05 8.95724418E-07
2.09899735E-02 5.03481991E-05 8.73754178E-07
2.12775047E-02 5.23361743E-05 8.81245374E-07
2.15650359E-02 5.09526034E-05 8.50404719E-07
2.18525669E-02 5.06692252E-05 8.59705296E-07
2.21400979E-02 5.06221999E-05 8.53176961E-07
2.24276287E-02 5.07368690E-05 8.50365777E-07
2.27151594E-02 5.08741552E-05 8.36673722E-07
2.30026900E-02 4.98583866E-05 8.47615718E-07
2.32902205E-02 4.86477160E-05 8.47494911E-07
2.35777508E-02 4.82206015E-05 8.28317299E-07
2.38652811E-02 4.82900791E-05 8.38750942E-07
2.41528112E-02 4.93388634E-05 8.25975498E-07
2.44403412E-02 4.70595949E-05 8.15485457E-07
2.47278711E-02 4.63593135E-05 8.09298331E-07
2.50154008E-02 4.63507896E-05 7.77230248E-07
2.53029305E-02 4.62813504E-05 7.93144820E-07
2.55904600E-02 4.72792361E-05 7.96664656E-07
2.58779894E-02 4.63760513E-05 8.09236692E-07
2.61655186E-02 4.60556162E-05 8.01834743E-07
2.64530477E-02 4.52081823E-05 7.68353711E-07
2.67405767E-02 4.64502975E-05 8.00216712E-07
2.70281055E-02 4.57763431E-05 7.69662461E-07
2.73156342E-02 4.34771042E-05 7.62183766E-07
2.76031628E-02 4.21414134E-05 7.73482853E-07
2.78906913E-02 4.37289862E-05 7.61253857E-07
2.81782195E-02 4.29464180E-05 7.73436841E-07
2.84657477E-02 4.27566576E-05 7.47022944E-07
2.87532757E-02 4.21534275E-05 7.45867510E-07
2.90408036E-02 4.19476417E-05 7.38306012E-07
2.93283313E-02 4.14122998E-05 7.51161187E-07
2.96158589E-02 4.19090456E-05 7.55736023E-07
2.99033863E-02 4.12124611E-05 7.22130879E-07
3.01909135E-02 4.22575618E-05 7.40587999E-07
3.04784407E-02 4.00405963E-05 7.32859230E-07
3.07659676E-02 3.84503885E-05 7.25460608E-07
3.10534944E-02 3.84432486E-05 7.25055173E-07
3.13410211E-02 3.87008297E-05 7.22533320E-07
3.16285476E-02 3.82971983E-05 7.19621026E-07
3.19160739E-02 3.69802331E-05 7.07706757E-07
3.22036001E-02 3.75141695E-05 7.10514892E-07
3.24911261E-02 3.82778675E-05 6.99525022E-07
3.27786520E-02 3.72447631E-05 7.04817475E-07
3.30661777E-02 3.73050774E-05 6.99367883E-07
3.33537032E-02 3.70114175E-05 6.87869325E-07
3.36412285E-02 3.65679036E-05 6.93011543E-07
3.39287537E-02 3.52940086E-05 6.90418363E-07
3.42162787E-02 3.52563470E-05 6.98164281E-07
3.45038036E-02 3.55926368E-05 6.94237718E-07
3.47913282E-02 3.53101195E-05 6.78504354E-07
3.50788527E-02 3.57737493E-05 6.77317563E-07
3.53663771E-02 3.41079387E-05 6.88052116E-07
3.56539012E-02 3.28114933E-05 6.81923742E-07
3.59414251E-02 3.48700189E-05 6.66542168E-07
3.62289489E-02 3.32859746E-05 6.65172415E-07
3.65164725E-02 3.39621179E-05 6.71991942E-07
3.68039959E-02 3.37770864E-05 6.58796780E-07
3.70915192E-02 3.28179052E-05 6.56914474E-07
3.73790422E-02 3.34091012E-05 6.36172767E-07
3.76665651E-02 3.22385959E-05 6.56092069E-07
3.79540877E-02 3.12585047E-05 6.50011962E-07
3.82416102E-02 3.09915754E-05 6.46131891E-07
3.85291325E-02 3.03741664E-05 6.32192297E-07
3.88166546E-02 3.17527014E-05 6.36020647E-07
3.91041764E-02 3.12885182E-05 6.46812625E-07
3.93916981E-02 2.94206441E-05 6.33337106E-07
3.96792196E-02 3.03603432E-05 6.24019434E-07
3.99667409E-02 2.96926354E-05 6.36371744E-07
4.02542620E-02 2.99556658E-05 6.19497378E-07
4.05417829E-02 2.90705984E-05 6.45202671E-07
4.08293036E-02 2.92848769E-05 6.28627410E-07
4.11168241E-02 2.75466118E-05 6.09635718E-07
4.14043444E-02 2.93286267E-05 6.30155182E-07
4.16918644E-02 2.78798366E-05 6.17937811E-07
4.19793843E-02 2.82681452E-05 6.11609692E-07
4.22669039E-02 2.71383073E-05 6.17094992E-07
4.25544234E-02 2.70139865E-05 6.20243073E-07
4.28419426E-02 2.64370890E-05 6.11384802E-07
4.31294616E-02 2.71850101E-05 6.13268865E-07
4.34169804E-02 2.66020416E-05 6.02807612E-07
4.37044990E-02 2.66896187E-05 5.94954680E-07
4.39920173E-02 2.63519305E-05 5.86476239E-07
4.42795354E-02 2.61849040E-05 5.77536122E-07
4.45670534E-02 2.49747142E-05 5.90699175E-07
4.48545710E-02 2.48871650E-05 6.10568003E-07
4.51420885E-02 2.48897206E-05 6.17402036E-07
4.54296057E-02 2.42530143E-05 6.26500243E-07
4.57171227E-02 2.44387115E-05 6.13256468E-07
4.60046395E-02 2.31229975E-05 6.16349558E-07
4.62921560E-02 2.29529423E-05 6.33804648E-07
4.65796723E-02 2.26145658E-05 6.22395652E-07
4.68671884E-02 2.29966678E-05 6.39080991E-07
4.71547042E-02 2.45197750E-05 6.23092158E-07
4.74422198E-02 2.22528785E-05 6.36090123E-07
4.77297352E-02 2.16167068E-05 6.34802491E-07
4.80172503E-02 2.25828923E-05 6.42039582E-07
4.83047652E-02 2.20408745E-05 6.23728054E-07
4.85922798E-02 2.27499244E-05 6.32333326E-07
4.88797942E-02 2.22458367E-05 6.36946827E-07
4.91673084E-02 2.13235824E-05 6.31966432E-07
4.94548223E-02 2.08932967E-05 6.30182196E-07
4.97423359E-02 2.07501786E-05 6.27919844E-07
5.00298493E-02 2.02851784E-05 6.20558262E-07
5.03173625E-02 2.04148363E-05 6.30158639E-07
5.06048754E-02 2.05066050E-05 6.20736034E-07
5.08923880E-02 2.05458733E-05 6.26086213E-07
5.11799004E-02 1.93539909E-05 6.23978385E-07
5.14674125E-02 1.99713480E-05 6.22247826E-07
5.17549244E-02 1.86214733E-05 6.33531015E-07
5.20424360E-02 1.84108113E-05 6.03769383E-07
5.23299474E-02 1.78360614E-05 6.23730198E-07
5.26174584E-02 1.83326712E-05 6.15062172E-07
5.29049693E-02 1.84691380E-05 6.16218286E-07
5.31924798E-02 1.87402019E-05 6.33395304E-07
5.34799901E-02 1.83186458E-05 6.02660061E-07
5.37675001E-02 1.82631319E-05 6.16601533E-07
5.40550099E-02 1.71217792E-05 6.10837944E-07
5.43425193E-02 1.73352072E-05 6.02368764E-07
5.46300285E-02 1.79324713E-05 6.24667072E-07
5.49175375E-02 1.77629166E-05 5.88789062E-07
5.52050461E-02 1.68497254E-05 5.97192839E-07
5.54925545E-02 1.73208426E-05 5.86029945E-07
5.57800626E-02 1.70313488E-05 6.03788898E-07
5.60675704E-02 1.62530585E-05 6.08054861E-07
5.63550779E-02 1.71705363E-05 6.03586043E-07
5.66425852E-02 1.70001484E-05 6.10268684E-07
5.69300921E-02 1.64706524E-05 5.90066301E-07
5.72175988E-02 1.64363456E-05 6.06443647E-07
5.75051052E-02 1.61716361E-05 5.92652461E-07
5.77926113E-02 1.56711740E-05 5.96494788E-07
5.80801171E-02 1.52615455E-05 6.07497567E-07
5.83676226E-02 1.51830236E-05 5.90465132E-07
5.86551278E-02 1.46849169E-05 5.95981089E-07
5.89426328E-02 1.49620450E-05 6.02325697E-07
5.92301374E-02 1.49874728E-05 5.80724150E-07
5.95176417E-02 1.44961255E-05 6.01560206E-07
5.98051458E-02 1.53300521E-05 5.92314869E-07
6.00926495E-02 1.53156888E-05 6.04173284E-07
6.03801529E-02 1.53393083E-05 5.87993332E-07
6.06676561E-02 1.32423364E-05 5.81979293E-07
6.09551589E-02 1.41649714E-05 5.84179714E-07
6.12426614E-02 1.35296979E-05 5.91407066E-07
6.15301636E-02 1.29993600E-05 5.93654510E-07
6.18176655E-02 1.32226017E-05 5.74405301E-07
6.21051671E-02 1.27896189E-05 5.82715551E-07
6.23926684E-02 1.24830296E-05 5.78691904E-07
6.26801693E-02 1.27584187E-05 5.80460548E-07
6.29676700E-02 1.28031949E-05 5.81326781E-07
6.32551703E-02 1.15129679E-05 5.71397504E-07
6.35426703E-02 1.19962320E-05 5.81155537E-07
6.38301700E-02 1.28247793E-05 5.76649756E-07
6.41176694E-02 1.13197049E-05 5.74212823E-07
6.44051684E-02 1.19540280E-05 5.72228780E-07
6.46926671E-02 1.17939427E-05 5.77227736E-07
6.49801655E-02 1.16371626E-05 5.75100427E-07
6.52676636E-02 1.13904947E-05 5.61291221E-07
6.55551614E-02 1.22563445E-05 5.79180548E-07
6.58426588E-02 1.26099596E-05 5.63062235E-07
6.61301559E-02 1.08466928E-05 5.73902418E-07
6.64176526E-02 1.08055162E-05 5.71084529E-07
6.67051490E-02 1.14931988E-05 5.60903968E-07
6.69926451E-02 1.11324247E-05 5.78953694E-07
6.72801409E-02 9.97923998E-06 5.60189492E-07
6.75676363E-02 1.07297637E-05 5.62793107E-07
6.78551313E-02 1.01935700E-05 5.61973843E-07
6.81426261E-02 9.80479919E-06 5.56329775E-07
6.84301204E-02 9.15931829E-06 5.75802903E-07
6.87176145E-02 1.02472244E-05 5.67167651E-07
6.90051082E-02 9.52149837E-06 5.59764095E-07
6.92926015E-02 1.02094810E-05 5.63239263E-07
6.95800945E-02 9.96231547E-06 5.56078686E-07
6.98675872E-02 9.41569298E-06 5.65815718E-07
7.01550794E-02 9.24120697E-06 5.52583056E-07
7.04425714E-02 1.04413523E-05 5.68872836E-07
7.07300630E-02 9.39822498E-06 5.61127314E-07
7.10175542E-02 9.56665766E-06 5.55565813E-07
7.13050451E-02 9.72334934E-06 5.51317323E-07
7.15925356E-02 9.94226865E-06 5.53386888E-07
7.18800258E-02 8.13269235E-06 5.61236092E-07
7.21675156E-02 8.90580026E-06 5.61146343E-07
7.24550050E-02 8.96108341E-06 5.61840607E-07
7.27424941E-02 8.67032327E-06 5.64587974E-07
7.30299828E-02 7.18239040E-06 5.70033771E-07
7.33174711E-02 8.31686566E-06 6.01173012E-07
7.36049591E-02 8.01527169E-06 5.98667826E-07
7.38924467E-02 7.90068032E-06 6.01719082E-07
7.41799339E-02 7.46745222E-06 6.09117803E-07
7.44674207E-02 7.94414331E-06 6.03608543E-07
7.47549072E-02 8.56154548E-06 6.02373943E-07
7.50423933E-02 8.54572323E-06 5.93118787E-07
7.53298790E-02 8.67334783E-06 5.96923186E-07
7.56173644E-02 6.28866337E-06 6.03575952E-07
7.59048494E-02 7.94274918E-06 6.18206126E-07
7.61923339E-02 7.63146653E-06 6.12388409E-07
7.64798181E-02 7.79155613E-06 6.07595156E-07
7.67673020E-02 6.18143921E-06 6.14009188E-07
7.70547854E-02 7.80320426E-06 6.08768479E-07
7.73422684E-02 6.46122715E-06 5.83966500E-07
7.76297511E-02 7.27478290E-06 5.70510930E-07
7.79172333E-02 7.13151228E-06 5.63051161E-07
7.82047152E-02 8.24928437E-06 5.72639867E-07
7.84921967E-02 7.14624039E-06 5.53149352E-07
7.87796778E-02 6.35045113E-06 5.48082974E-07
7.90671585E-02 6.57898962E-06 5.49522335E-07
7.93546387E-02 6.36809783E-06 5.51128959E-07
7.96421186E-02 7.12467342E-06 5.53918069E-07
7.99295981E-02 6.78299337E-06 5.46426803E-07
8.02170772E-02 7.03498409E-06 5.49547532E-07
8.05045559E-02 6.82577680E-06 5.49334110E-07
8.07920342E-02 6.20917349E-06 5.40436356E-07
8.10795121E-02 5.93451945E-06 5.37072124E-07
8.13669895E-02 5.81094902E-06 5.39556374E-07
8.16544666E-02 6.10328780E-06 5.39663426E-07
8.19419432E-02 6.61725631E-06 5.28272406E-07
8.22294195E-02 5.80991265E-06 5.45985457E-07
8.25168953E-02 6.83282764E-06 5.39803231E-07
8.28043707E-02 5.17828216E-06 5.40945392E-07
8.30918457E-02 6.81372138E-06 5.37295846E-07
8.33793202E-02 5.71579631E-06 5.38800079E-07
8.36667944E-02 5.80481629E-06 5.33465922E-07
8.39542681E-02 5.68535338E-06 5.25255428E-07
8.42417414E-02 5.55298950E-06 5.33961883E-07
8.45292143E-02 5.59632108E-06 5.32417307E-07
8.48166868E-02 5.55363369E-06 5.24658108E-07
8.51041588E-02 5.62321282E-06 5.36911256E-07
8.53916304E-02 5.59362657E-06 5.39771468E-07
8.56791016E-02 5.37739461E-06 5.33177540E-07
8.59665723E-02 5.32835362E-06 5.26658263E-07
8.62540427E-02 5.65975691E-06 5.24620244E-07
8.65415125E-02 5.11346543E-06 5.33654387E-07
8.68289820E-02 6.32996441E-06 5.26259996E-07
8.71164510E-02 4.79997398E-06 5.24181615E-07
8.74039196E-02 4.50361838E-06 5.25080371E-07
8.76913877E-02 4.46370666E-06 5.26028103E-07
8.79788554E-02 4.43201238E-06 5.25836717E-07
8.82663226E-02 4.94086884E-06 5.27287188E-07
8.85537894E-02 5.04990169E-06 5.23718281E-07
8.88412558E-02 5.30484624E-06 5.15136169E-07
8.91287217E-02 5.04951949E-06 5.17682596E-07
8.94161872E-02 5.05976110E-06 5.15984355E-07
8.97036522E-02 4.44977293E-06 5.07451339E-07
8.99911167E-02 4.60504468E-06 5.13990743E-07
9.02785809E-02 4.47225950E-06 5.12265756E-07
9.05660445E-02 5.06941358E-06 5.16249860E-07
9.08535077E-02 5.14486493E-06 5.07458853E-07
9.11409705E-02 4.82114118E-06 5.07303173E-07
9.14284327E-02 3.97037350E-06 5.10731790E-07
9.17158946E-02 4.58305519E-06 5.06950133E-07
9.20033559E-02 4.46791450E-06 5.09070316E-07
9.22908168E-02 4.98176019E-06 5.05307521E-07
9.25782773E-02 4.55412739E-06 5.04109625E-07
9.28657372E-02 4.69113854E-06 5.11284610E-07
9.31531967E-02 4.25861627E-06 5.10136789E-07
9.34406558E-02 4.28635803E-06 5.09443815E-07
9.37281144E-02 3.81991750E-06 5.00252737E-07
9.40155725E-02 4.08831591E-06 5.07144003E-07
9.43030301E-02 3.86261260E-06 5.07248084E-07
9.45904872E-02 4.23123928E-06 4.94963921E-07
9.48779439E-02 3.54859600E-06 5.04479307E-07
9.51654001E-02 4.29329840E-06 5.04440385E-07
9.54528558E-02 4.40835883E-06 5.02902783E-07
9.57403111E-02 4.41128079E-06 4.86636603E-07
9.60277658E-02 3.81912141E-06 5.05715829E-07
9.63152201E-02 4.32349201E-06 4.99282577E-07
9.66026739E-02 4.25996947E-06 5.04199098E-07
9.68901272E-02 5.01423228E-06 5.00824400E-07
9.71775800E-02 4.79615631E-06 4.93355326E-07
9.74650323E-02 4.13163973E-06 4.95290281E-07
9.77524842E-02 3.69846793E-06 4.99916712E-07
9.80399355E-02 3.71513626E-06 4.93654549E-07
9.83273864E-02 3.70327223E-06 5.01510416E-07
9.86148367E-02 3.42907301E-06 4.92072138E-07
9.89022866E-02 3.38345545E-06 5.00415848E-07
9.91897360E-02 3.83264819E-06 4.91131271E-07
9.94771848E-02 3.69523705E-06 4.91941774E-07
9.97646332E-02 3.86580014E-06 4.91571326E-07
1.00052081E-01 3.32900252E-06 4.91696518E-07
1.00339528E-01 3.32887160E-06 4.92486110E-07
1.00626975E-01 3.99275672E-06 4.84500205E-07
1.00914422E-01 3.98867522E-06 4.86929001E-07
1.01201867E-01 3.91727625E-06 4.88369066E-07
1.01489313E-01 3.42322892E-06 4.91306314E-07
1.01776758E-01 3.25014674E-06 4.84359253E-07
1.02064202E-01 3.39039532E-06 4.80860436E-07
1.02351646E-01 3.27497981E-06 4.84657256E-07
1.02639089E-01 4.14633474E-06 4.90705216E-07
1.02926532E-01 3.77550276E-06 4.84093315E-07
1.03213974E-01 3.96266719E-06 4.87819881E-07
1.03501416E-01 2.93342888E-06 4.85998782E-07
1.03788857E-01 2.75212992E-06 4.84862847E-07
1.04076298E-01 3.21098216E-06 4.83751502E-07
1.04363738E-01 3.25022827E-06 4.86173574E-07
1.04651178E-01 2.41896807E-06 4.78419071E-07
1.04938617E-01 2.81407220E-06 4.77037362E-07
1.05226055E-01 3.18477761E-06 4.69835407E-07
1.05513493E-01 3.36592811E-06 4.66656985E-07
1.05800931E-01 4.01989175E-06 4.81457755E-07
1.06088368E-01 2.79362038E-06 4.81563716E-07
1.06375804E-01 2.63726225E-06 4.78314266E-07
1.06663240E-01 2.31389692E-06 4.75521477E-07
1.06950676E-01 1.77652996E-06 4.84522194E-07
1.07238110E-01 2.78565543E-06 4.73702981E-07
1.07525545E-01 3.79701508E-06 4.70728495E-07
1.07812979E-01 2.81016293E-06 4.68426589E-07
1.08100412E-01 2.55811231E-06 4.71316279E-07
1.08387845E-01 2.57634515E-06 4.70873434E-07
1.08675277E-01 4.01827934E-06 4.71758947E-07
1.08962708E-01 2.86594895E-06 4.72219035E-07
1.09250139E-01 2.49787558E-06 4.65472208E-07
1.09537570E-01 2.63843595E-06 4.64372074E-07
1.09825000E-01 2.61839143E-06 4.68564395E-07
1.10112429E-01 2.71878903E-06 4.68478335E-07
1.10399858E-01 3.21208181E-06 4.60424853E-07
1.10687286E-01 3.05016976E-06 4.66595965E-07
1.10974714E-01 2.94679298E-06 4.68403249E-07
1.11262141E-01 2.66954736E-06 4.64634380E-07
1.11549568E-01 2.70251755E-06 4.74277228E-07
1.11836994E-01 2.57352878E-06 4.61607529E-07
1.12124419E-01 1.86943019E-06 4.63807682E-07
1.12411844E-01 2.35204679E-06 4.62916051E-07
1.12699269E-01 2.85445436E-06 4.64363755E-07
1.12986693E-01 3.41305864E-06 4.66558774E-07
1.13274116E-01 3.03450902E-06 4.63807149E-07
1.13561538E-01 1.76168620E-06 4.68095110E-07
1.13848960E-01 2.80286600E-06 4.58729654E-07
1.14136382E-01 2.48826595E-06 4.67753612E-07
1.14423803E-01 2.88072055E-06 4.62475653E-07
1.14711223E-01 2.70801352E-06 4.59660405E-07
1.14998643E-01 3.07059734E-06 4.69816378E-07
1.15286062E-01 3.02203450E-06 4.59846012E-07
1.15573481E-01 3.50612810E-06 4.62674362E-07
1.15860899E-01 3.31370818E-06 4.63316075E-07
1.16148317E-01 2.14789050E-06 4.63390370E-07
1.16435733E-01 2.24930078E-06 4.66768604E-07
1.16723150E-01 2.95895315E-06 4.62315786E-07
1.17010565E-01 2.39593435E-06 4.66209941E-07
1.17297981E-01 2.48076214E-06 4.56945769E-07
1.17585395E-01 1.84343619E-06 4.54178223E-07
1.17872809E-01 1.83266766E-06 4.54862809E-07
1.18160222E-01 2.09834177E-06 4.61820261E-07
1.18447635E-01 2.78651944E-06 4.62128320E-07
1.18735047E-01 1.71568613E-06 4.54544319E-07
1.19022459E-01 2.39466820E-06 4.54564239E-07
1.19309870E-01 2.82928012E-06 4.49988764E-07
1.19597280E-01 2.53514886E-06 4.58929097E-07
1.19884690E-01 2.68490473E-06 4.58090414E-07
1.20172099E-01 2.82706143E-06 4.50440814E-07
1.20459508E-01 3.16265650E-06 4.61060982E-07
1.20746916E-01 1.37726189E-06 4.49821664E-07
1.21034323E-01 1.86197843E-06 4.54588789E-07
1.21321730E-01 1.17313956E-06 4.47689286E-07
1.21609136E-01 2.32930838E-06 4.53184582E-07
1.21896541E-01 2.88850768E-06 4.58054910E-07
1.22183946E-01 2.61097429E-06 4.56725141E-07
1.22471351E-01 1.74281069E-06 4.42796886E-07
1.22758754E-01 1.88722035E-06 4.47104764E-07
1.23046157E-01 2.65228041E-06 4.54368599E-07
1.23333560E-01 2.38650379E-06 4.57605336E-07
1.23620962E-01 2.20686138E-06 4.47963220E-07
1.23908363E-01 1.99525489E-06 4.49022798E-07
1.24195763E-01 2.32331137E-06 4.52241110E-07
1.24483163E-01 2.04931058E-06 4.48898956E-07
1.24770563E-01 2.44728089E-06 4.47898617E-07
1.25057961E-01 2.40858264E-06 4.61761296E-07
1.25345360E-01 1.92765134E-06 4.78804764E-07
1.25632757E-01 2.01716196E-06 4.75214167E-07
1.25920154E-01 2.30798343E-06 4.80074959E-07
1.26207550E-01 2.58923735E-06 4.74124150E-07
1.26494946E-01 1.48629025E-06 4.81260250E-07
1.26782340E-01 2.76440423E-06 4.91502600E-07
1.27069735E-01 2.66319939E-06 4.75797233E-07
1.27357128E-01 1.74916712E-06 4.73934223E-07
1.27644521E-01 1.26672063E-06 4.64254779E-07
1.27931914E-01 1.78662695E-06 4.69245566E-07
1.28219305E-01 1.25354887E-06 4.64503708E-07
1.28506696E-01 2.61264499E-06 4.64377245E-07
1.28794087E-01 1.64687837E-06 4.65875440E-07
1.29081477E-01 1.80297255E-06 4.61140561E-07
1.29368866E-01 2.06865289E-06 4.63154809E-07
1.29656254E-01 1.93272490E-06 4.63115844E-07
1.29943642E-01 2.02569164E-06 4.54786807E-07
1.30231029E-01 2.14064803E-06 4.58424337E-07
1.30518416E-01 2.25217363E-06 4.59455505E-07
1.30805802E-01 1.97392582E-06 4.57666365E-07
1.31093187E-01 1.81898360E-06 4.52488306E-07
1.31380571E-01 1.56412397E-06 4.53885864E-07
1.31667955E-01 2.22875977E-06 4.58749166E-07
1.31955338E-01 1.44792069E-06 4.43488159E-07
1.32242721E-01 2.25521977E-06 4.52282050E-07
1.32530103E-01 1.93343278E-06 4.50633071E-07
1.32817484E-01 2.25879508E-06 4.46112109E-07
1.33104865E-01 1.58953087E-06 4.58268929E-07
1.33392245E-01 1.71377254E-06 4.59773678E-07
1.33679624E-01 2.80026217E-06 4.71337124E-07
1.33967002E-01 2.54203736E-06 4.69685888E-07
1.34254380E-01 2.18089447E-06 4.81169358E-07
1.34541757E-01 6.32086853E-07 4.75828788E-07
1.34829134E-01 1.00080230E-06 4.75076334E-07
1.35116510E-01 1.52234848E-06 4.77242535E-07
1.35403885E-01 1.23799407E-06 4.73714192E-07
1.35691259E-01 2.11787333E-06 4.82085995E-07
1.35978633E-01 2.12361342E-06 4.76530763E-07
1.36266006E-01 1.18850032E-06 4.80533885E-07
1.36553379E-01 1.14019620E-06 4.84058033E-07
1.36840751E-01 1.30118556E-06 4.78366713E-07
1.37128122E-01 1.41279443E-06 4.78099698E-07
1.37415492E-01 1.70594943E-06 4.84945385E-07
1.37702862E-01 1.48197296E-06 4.83304657E-07
1.37990231E-01 1.66108729E-06 4.89187991E-07
1.38277599E-01 1.92864056E-06 4.61324752E-07
1.38564967E-01 2.01167197E-06 4.63501704E-07
1.38852333E-01 1.78736714E-06 4.50446695E-07
1.39139700E-01 1.95799687E-06 4.63484951E-07
1.39427065E-01 2.20843648E-06 4.51201007E-07
1.39714430E-01 1.22774457E-06 4.50224918E-07
1.40001794E-01 1.66516849E-06 4.52744007E-07
1.40289157E-01 1.62776914E-06 4.46381645E-07
1.40576520E-01 1.42199194E-06 4.45072754E-07
1.40863882E-01 2.52008953E-06 4.46768175E-07
1.41151243E-01 1.26665292E-06 4.46058978E-07
1.41438604E-01 1.17857278E-06 4.44000821E-07
1.41725964E-01 1.53701354E-06 4.49070306E-07
1.42013323E-01 9.46377732E-07 4.41450678E-07
1.42300681E-01 1.57581469E-06 4.40393226E-07
1.42588039E-01 8.23838236E-07 4.39048568E-07
1.42875396E-01 1.33371425E-06 4.43068215E-07
1.43162752E-01 9.73446151E-07 4.45026989E-07
1.43450108E-01 3.20877116E-06 4.36085379E-07
1.43737463E-01 7.83339377E-07 4.36789576E-07
1.44024817E-01 1.45091741E-06 4.35127990E-07
1.44312170E-01 1.07018808E-06 4.28427803E-07
1.44599523E-01 1.73974685E-06 4.28450371E-07
1.44886875E-01 2.01759285E-06 4.33881514E-07
1.45174226E-01 1.79230222E-06 4.30947922E-07
1.45461577E-01 1.89409425E-06 4.34615991E-07
1.45748927E-01 1.11443388E-06 4.29551540E-07
1.46036276E-01 1.50341068E-06 4.24842674E-07
1.46323624E-01 1.21926525E-06 4.31684927E-07
1.46610971E-01 5.38635942E-07 4.23232771E-07
1.46898318E-01 1.75363133E-06 4.28627697E-07
1.47185664E-01 1.23850337E-06 4.27216993E-07
1.47473010E-01 1.10116486E-06 4.29352033E-07
1.47760354E-01 1.97266137E-06 4.23718115E-07
1.48047698E-01 1.45983862E-06 4.26280458E-07
1.48335041E-01 1.91551448E-06 4.27730500E-07
1.48622384E-01 1.43823473E-06 4.23368548E-07
1.48909725E-01 1.89061609E-06 4.31107997E-07
1.49197066E-01 6.02230465E-07 4.21554105E-07
1.49484406E-01 9.17057076E-07 4.24025420E-07
1.49771746E-01 3.18942494E-07 4.22040905E-07
1.50059084E-01 1.49235774E-06 4.26662069E-07
1.50346422E-01 6.93565463E-07 4.27704220E-07
1.50633759E-01 3.64884794E-07 4.22612786E-07
1.50921096E-01 1.03398044E-06 4.26015332E-07
1.51208431E-01 2.11326947E-06 4.22628152E-07
1.51495766E-01 1.52201125E-06 4.24738683E-07
1.51783100E-01 1.97863080E-07 4.23603365E-07
1.52070433E-01 1.20970237E-06 4.22203894E-07
1.52357766E-01 1.38475586E-06 4.28281922E-07
1.52645098E-01 8.56000461E-07 4.22170381E-07
1.52932429E-01 1.14689183E-06 4.20691642E-07
1.53219759E-01 1.28440044E-06 4.17986979E-07
1.53507088E-01 1.48908087E-06 4.20397666E-07
1.53794417E-01 1.68802038E-06 4.27643348E-07
1.54081745E-01 2.13987455E-06 4.14319735E-07
1.54369072E-01 9.55590759E-07 4.21256583E-07
1.54656399E-01 6.80987333E-07 4.16756491E-07
1.54943724E-01 7.90566896E-07 4.16841831E-07
1.55231049E-01 9.05780818E-07 4.19924949E-07
1.55518373E-01 1.24661413E-06 4.20789549E-07
1.55805696E-01 1.07459570E-06 4.22747991E-07
1.56093019E-01 1.20984562E-06 4.13643857E-07
1.56380341E-01 9.35679208E-07 4.17102846E-07
1.56667662E-01 8.10708619E-07 4.14849239E-07
1.56954982E-01 2.21101267E-06 4.14007662E-07
1.57242301E-01 1.22326742E-06 4.21736837E-07
1.57529620E-01 1.33724292E-06 4.12263897E-07
1.57816937E-01 1.12281852E-06 4.12609629E-07
1.58104254E-01 1.29236746E-06 4.16697572E-07
1.58391570E-01 2.03163941E-07 4.13899165E-07
1.58678886E-01 8.56949045E-07 4.14983601E-07
1.58966200E-01 1.70107786E-06 4.12663436E-07
1.59253514E-01 1.20978192E-06 4.09960729E-07
1.59540827E-01 7.05208784E-07 4.12589004E-07
1.59828139E-01 1.09063064E-06 4.10690157E-07
1.60115451E-01 6.71904324E-07 4.15138304E-07
1.60402761E-01 1.16573019E-06 4.04833642E-07
1.60690071E-01 8.63759390E-07 4.14678006E-07
1.60977380E-01 1.15952144E-06 4.15704909E-07
1.61264688E-01 1.90226453E-06 4.12253578E-07
1.61551996E-01 1.24764107E-06 4.06914473E-07
1.61839302E-01 7.96789657E-07 3.97971403E-07
1.62126608E-01 1.57731541E-06 4.06311954E-07
1.62413913E-01 1.57325213E-06 4.02148780E-07
1.62701217E-01 1.05227013E-06 4.04868453E-07
1.62988520E-01 1.27697719E-06 4.05550434E-07
1.63275822E-01 8.38902285E-07 4.03541156E-07
1.63563124E-01 8.80172094E-07 4.06871220E-07
1.63850425E-01 1.36352525E-06 4.04735195E-07
1.64137725E-01 5.97455967E-07 4.03305934E-07
1.64425024E-01 1.28912159E-06 4.05763621E-07
1.64712322E-01 6.21075433E-07 4.10901022E-07
1.64999620E-01 1.30486967E-06 4.02128111E-07
1.65286917E-01 1.06948398E-07 4.01216072E-07
1.65574212E-01 1.58379325E-06 4.04367384E-07
1.65861507E-01 3.90733671E-07 3.95816096E-07
1.66148802E-01 1.44511538E-06 3.93512805E-07
1.66436095E-01 1.58645289E-06 3.95998571E-07
1.66723387E-01 1.52832175E-06 3.96999917E-07
1.67010679E-01 1.00794470E-06 4.00064255E-07
1.67297970E-01 1.35187212E-06 3.98191869E-07
1.67585260E-01 8.33473338E-07 3.99042854E-07
1.67872549E-01 6.11886835E-07 3.97662520E-07
1.68159837E-01 1.21171618E-06 3.98835428E-07
1.68447125E-01 5.87334111E-07 3.96369920E-07
1.68734412E-01 7.58092359E-07 3.94432205E-07
1.69021697E-01 1.12252599E-06 4.01166056E-07
1.69308982E-01 1.01615733E-06 3.98992416E-07
1.69596266E-01 1.40516161E-06 3.99493899E-07
1.69883549E-01 6.15018589E-07 3.99441596E-07
1.70170832E-01 6.02387563E-07 3.96670120E-07
1.70458113E-01 1.00840479E-06 4.01248050E-07
1.70745394E-01 3.23551656E-07 3.97558826E-07
1.71032674E-01 8.00497442E-07 3.98451838E-07
1.71319953E-01 7.30153910E-07 3.96482626E-07
1.71607231E-01 6.91935290E-08 3.94611840E-07
1.71894508E-01 6.49667598E-07 4.01512600E-07
1.72181784E-01 9.87559461E-07 3.93784804E-07
1.72469060E-01 1.69410144E-06 3.96266476E-07
1.72756335E-01 9.39770962E-07 3.95925179E-07
1.73043608E-01 9.09987695E-07 3.99329894E-07
1.73330881E-01 6.07500642E-07 3.95016598E-07
1.73618153E-01 9.07420776E-07 3.89658184E-07
1.73905424E-01 6.68300729E-07 3.94321832E-07
1.74192695E-01 9.51549827E-07 3.97588310E-07
1.74479964E-01 3.45347744E-07 3.91848033E-07
1.74767232E-01 5.27614125E-07 3.91942482E-07
1.75054500E-01 2.52352695E-07 3.90896567E-07
1.75341767E-01 6.42701810E-07 3.95881696E-07
1.75629033E-01 5.34491122E-07 3.86889547E-07
1.75916298E-01 9.51623891E-07 3.93081253E-07
1.76203562E-01 1.06333448E-06 3.88496916E-07
1.76490825E-01 7.77394565E-07 3.93152815E-07
1.76778087E-01 6.71675088E-07 3.94844784E-07
1.77065349E-01 3.95563223E-07 3.88601952E-07
1.77352609E-01 5.29736571E-07 3.86443168E-07
1.77639869E-01 1.11642822E-06 3.90080398E-07
1.77927128E-01 3.39543965E-07 3.86037319E-07
1.78214386E-01 3.30386419E-07 3.88761203E-07
1.78501643E-01 4.07535000E-07 3.90685345E-07
1.78788899E-01 1.18349574E-06 3.90103936E-07
1.79076154E-01 5.35773702E-08 3.86070199E-07
1.79363408E-01 9.90419243E-07 3.83625949E-07
1.79650662E-01 1.40940244E-06 3.80933613E-07
1.79937914E-01 3.88609483E-07 3.85507826E-07
1.80225166E-01 4.74196095E-07 3.81599089E-07
1.80512417E-01 6.94585863E-07 3.86893974E-07
1.80799666E-01 8.25832778E-07 3.83923764E-07
1.81086915E-01 1.67486602E-07 3.81960367E-07
1.81374163E-01 4.39641744E-07 3.82482899E-07
1.81661410E-01 8.63549014E-07 3.83504253E-07
1.81948656E-01 7.36985619E-07 3.81872654E-07
1.82235902E-01 1.65232310E-08 3.83754719E-07
1.82523146E-01 7.15806950E-07 3.81557596E-07
1.82810389E-01 7.01973012E-07 3.85981242E-07
1.83097632E-01 5.88472264E-07 3.78882683E-07
1.83384873E-01 4.36733752E-07 3.78551862E-07
1.83672114E-01 2.28757216E-07 3.83512199E-07
1.83959354E-01 1.50858117E-07 3.73924892E-07
1.84246592E-01 6.96479730E-07 3.83527598E-07
1.84533830E-01 6.94122188E-07 3.74067330E-07
1.84821067E-01 1.21998228E-06 3.83847727E-07
1.85108303E-01 1.00264024E-06 3.86337211E-07
1.85395538E-01 7.73449828E-07 3.78628894E-07
1.85682773E-01 2.14952596E-07 3.83314844E-07
1.85970006E-01 8.12650302E-07 3.79173376E-07
1.86257238E-01 4.88453598E-07 3.80503007E-07
1.86544469E-01 7.05179933E-07 3.78752874E-07
1.86831700E-01 6.09004935E-07 3.77135037E-07
1.87118929E-01 3.19822826E-07 3.81459913E-07
1.87406158E-01 1.06234775E-06 3.78273722E-07
1.87693385E-01 6.84871436E-07 3.81142050E-07
1.87980612E-01 1.34251274E-07 3.77735713E-07
1.88267838E-01 7.03348594E-07 3.77417721E-07
1.88555062E-01 1.10520901E-06 3.78566652E-07
1.88842286E-01 1.24765216E-06 3.81265868E-07
1.89129509E-01 3.78412619E-07 3.74892160E-07
1.89416731E-01 4.96061829E-07 3.78915333E-07
1.89703952E-01 1.07703788E-06 3.78864191E-07
1.89991172E-01 -2.36501735E-07 3.79070749E-07
1.90278391E-01 5.33084077E-08 3.76780492E-07
1.90565609E-01 2.61289097E-07 3.77096242E-07
1.90852826E-01 4.30085023E-07 3.76282895E-07
1.91140043E-01 6.38218916E-07 3.76643522E-07
1.91427258E-01 3.09849723E-07 3.78025454E-07
1.91714472E-01 1.32465031E-06 3.74451363E-07
1.92001685E-01 5.02419033E-07 3.76842021E-07
1.92288898E-01 7.78113331E-07 3.76406991E-07
1.92576109E-01 1.03766965E-06 3.73376127E-07
1.92863319E-01 9.55696326E-07 3.79110400E-07
1.93150529E-01 5.79832964E-07 3.77064509E-07
1.93437737E-01 7.13699637E-07 3.77212463E-07
1.93724945E-01 8.88249194E-07 3.71351471E-07
1.94012151E-01 7.09470166E-07 3.84303659E-07
1.94299357E-01 -2.62936024E-07 3.92266769E-07
1.94586562E-01 8.71356188E-07 3.91733004E-07
1.94873765E-01 7.97715981E-07 3.92403882E-07
1.95160968E-01 3.52511133E-07 3.99993632E-07
1.95448169E-01 4.37444965E-07 3.98655245E-07
1.95735370E-01 5.49358839E-07 3.98211869E-07
1.96022570E-01 5.20884965E-07 3.98623329E-07
1.96309768E-01 1.14889689E-06 3.99737143E-07
1.96596966E-01 3.48586397E-07 4.01800843E-07
1.96884163E-01 3.14529722E-07 3.93116639E-07
1.97171359E-01 2.87700412E-07 3.98670214E-07
1.97458553E-01 8.95048089E-07 4.01171429E-07
1.97745747E-01 7.81815001E-07 3.98820226E-07
1.98032940E-01 3.91066458E-07 4.01852914E-07
1.98320132E-01 1.42034225E-06 4.01073930E-07
1.98607322E-01 8.42522571E-07 4.01600992E-07
1.98894512E-01 6.72156390E-07 4.08399992E-07
1.99181701E-01 1.18431895E-06 3.85835935E-07
1.99468889E-01 7.45316845E-07 3.86053182E-07
1.99756075E-01 -8.15654910E-08 3.80569271E-07
2.00043261E-01 3.36880019E-07 3.83371988E-07
2.00330446E-01 1.18353616E-07 3.82488946E-07
2.00617630E-01 9.50896295E-07 3.78414368E-07
2.00904812E-01 9.15693693E-07 3.83378219E-07
2.01191994E-01 9.80572370E-07 3.82755757E-07
2.01479175E-01 8.22922199E-07 3.81745784E-07
2.01766355E-01 7.61124495E-07 3.80126115E-07
2.02053533E-01 6.90673718E-07 3.73667407E-07
2.02340711E-01 1.82226727E-07 3.80201510E-07
2.02627888E-01 3.47754483E-07 3.75449327E-07
2.02915063E-01 -1.30218753E-07 3.76102384E-07
2.03202238E-01 -3.13905282E-07 3.70664209E-07
2.03489412E-01 1.10721835E-06 3.74886704E-07
2.03776584E-01 1.02251722E-06 3.78474147E-07
2.04063756E-01 1.75966325E-07 3.68083444E-07
2.04350926E-01 2.66779145E-07 3.76486723E-07
2.04638096E-01 6.57947719E-07 3.72374770E-07
2.04925264E-01 1.53222053E-06 3.73452075E-07
2.05212432E-01 4.99913478E-07 3.74175689E-07
2.05499598E-01 1.00220452E-07 3.68202173E-07
2.05786764E-01 8.19086248E-07 3.73488419E-07
2.06073928E-01 2.49469196E-07 3.69512787E-07
2.06361091E-01 4.51524465E-07 3.71337220E-07
2.06648254E-01 4.57454420E-07 3.71029009E-07
2.06935415E-01 1.83106797E-08 3.72106266E-07
2.07222575E-01 -1.91372117E-07 3.68772042E-07
2.07509734E-01 7.10603419E-07 3.70230148E-07
2.07796893E-01 4.87759444E-07 3.67380754E-07
2.08084050E-01 -1.33938191E-07 3.63654419E-07
2.08371206E-01 8.12389305E-07 3.74926215E-07
2.08658361E-01 1.68060255E-07 3.73011614E-07
2.08945515E-01 8.15044214E-07 3.63700394E-07
2.09232668E-01 4.99172597E-07 3.68219530E-07
2.09519819E-01 1.23310908E-06 3.66602598E-07
2.09806970E-01 -1.48456775E-07 3.66446254E-07
2.10094120E-01 5.24990407E-07 3.66262210E-07
2.10381269E-01 3.93327202E-07 3.66414211E-07
2.10668416E-01 9.33904030E-07 3.67729071E-07
2.10955563E-01 -7.83477753E-08 3.65529111E-07
2.11242708E-01 8.04885720E-07 3.70146084E-07
2.11529853E-01 1.89919579E-07 3.68693760E-07
2.11816996E-01 2.03793326E-07 3.69207176E-07
2.12104139E-01 5.36072735E-07 3.66784195E-07
2.12391280E-01 4.93019399E-07 3.66216302E-07
2.12678420E-01 -2.48803531E-07 3.66458095E-07
2.12965559E-01 1.08969573E-06 3.67702199E-07
2.13252697E-01 5.79950472E-07 3.65958340E-07
2.13539834E-01 9.63154819E-07 3.64496040E-07
2.13826970E-01 1.70061498E-07 3.61434599E-07
2.14114105E-01 3.91684955E-07 3.63675105E-07
2.14401239E-01 3.24183453E-07 3.58097989E-07
2.14688372E-01 1.72154549E-07 3.56591008E-07
2.14975503E-01 3.21011373E-07 3.55103373E-07
2.15262634E-01 2.96489844E-07 3.56158202E-07
2.15549763E-01 4.96880851E-07 3.65215451E-07
2.15836892E-01 4.71528789E-07 3.56204044E-07
2.16124019E-01 4.33806456E-07 3.58637023E-07
2.16411145E-01 3.45152995E-07 3.57660280E-07
2.16698271E-01 6.65684880E-07 3.57761526E-07
2.16985395E-01 -4.75911010E-07 3.60968944E-07
2.17272518E-01 4.34973289E-07 3.59505360E-07
2.17559639E-01 1.16329874E-07 3.60761557E-07
2.17846760E-01 3.65101391E-07 3.56745210E-07
2.18133880E-01 3.32707641E-07 3.58741470E-07
2.18420999E-01 2.86068393E-07 3.58140604E-07
2.18708116E-01 5.52868544E-08 3.58328764E-07
2.18995232E-01 3.75140713E-07 3.60213420E-07
2.19282348E-01 6.51138877E-07 3.58401962E-07
2.19569462E-01 1.66850770E-07 3.57837932E-07
2.19856575E-01 3.29290735E-07 3.54273087E-07
2.20143687E-01 4.80155812E-07 3.55841583E-07
2.20430798E-01 7.41285338E-07 3.59142946E-07
2.20717908E-01 5.48994498E-07 3.54647109E-07
2.21005016E-01 7.27785179E-07 3.59481146E-07
2.21292124E-01 8.90960597E-07 3.58580814E-07
2.21579230E-01 9.28940242E-07 3.54644977E-07
2.21866336E-01 6.25116661E-07 3.56656121E-07
2.22153440E-01 3.97068427E-07 3.57518822E-07
2.22440543E-01 1.35695368E-07 3.57587885E-07
2.22727645E-01 3.90035737E-07 3.52968124E-07
2.23014746E-01 2.74417205E-07 3.54621873E-07
2.23301846E-01 1.11205864E-07 3.53087524E-07
2.23588944E-01 6.98761919E-07 3.56973893E-07
2.23876042E-01 1.37727769E-07 3.52217319E-07
2.24163138E-01 3.71455603E-07 3.50492883E-07
2.24450234E-01 2.09801087E-07 3.52592460E-07
2.24737328E-01 2.19197274E-07 3.54354118E-07
2.25024421E-01 4.30761313E-07 3.54236912E-07
2.25311513E-01 9.18549976E-07 3.55643851E-07
2.25598603E-01 2.79357100E-07 3.52440332E-07
2.25885693E-01 1.91429892E-07 3.53625842E-07
2.26172782E-01 3.98525811E-07 3.49129410E-07
2.26459869E-01 3.88455660E-07 3.51633458E-07
2.26746955E-01 2.55115827E-07 3.45704102E-07
2.27034040E-01 3.85142405E-07 3.44993973E-07
2.27321124E-01 -2.07923213E-07 3.44134051E-07
2.27608207E-01 1.69118027E-07 3.44826821E-07
2.27895289E-01 3.63033138E-07 3.50700439E-07
2.28182369E-01 3.69571365E-07 3.50088448E-07
2.28469449E-01 1.85165296E-07 3.47926052E-07
2.28756527E-01 2.88800815E-07 3.49793271E-07
2.29043604E-01 1.21900844E-07 3.46477147E-07
2.29330680E-01 4.19839395E-07 3.52335612E-07
2.29617755E-01 4.92096852E-07 3.48473624E-07
2.29904828E-01 7.76891037E-07 3.45445143E-07
2.30191901E-01 4.40720652E-07 3.47967134E-07
2.30478972E-01 3.18358093E-07 3.46365851E-07
2.30766042E-01 -9.05800934E-08 3.48997866E-07
2.31053111E-01 1.33479098E-06 3.46198627E-07
2.31340179E-01 1.94375250E-07 3.51268902E-07
2.31627246E-01 5.55286384E-08 3.44848724E-07
2.31914311E-01 5.60921986E-07 3.40704168E-07
2.32201376E-01 -1.09502654E-07 3.38681370E-07
2.32488439E-01 -1.66322558E-08 3.39615098E-07
2.32775501E-01 1.46840387E-06 3.47313719E-07
2.33062562E-01 7.60661529E-07 3.41230310E-07
2.33349621E-01 8.77596481E-07 3.41516403E-07
2.33636680E-01 3.71457752E-08 3.40949452E-07
2.33923737E-01 3.39160007E-07 3.42192746E-07
2.34210794E-01 6.53598037E-07 3.46357854E-07
2.34497849E-01 6.07449495E-07 3.40992672E-07
2.34784902E-01 6.46362302E-07 3.42079793E-07
2.35071955E-01 3.43048789E-07 3.45414450E-07
2.35359006E-01 3.07717377E-07 3.40286440E-07
2.35646057E-01 5.78230918E-07 3.43525524E-07
2.35933106E-01 1.15717514E-07 3.43186686E-07
2.36220154E-01 3.74505588E-07 3.43213868E-07
2.36507201E-01 1.26990857E-07 3.44572633E-07
2.36794246E-01 -1.09937901E-07 3.41615285E-07
2.37081290E-01 8.51923870E-07 3.43313399E-07
2.37368334E-01 -2.36610583E-08 3.39500408E-07
2.37655376E-01 9.20881444E-07 3.45043231E-07
2.37942416E-01 -3.71998463E-08 3.40867374E-07
2.38229456E-01 3.71781090E-07 3.40489663E-07
2.38516494E-01 1.76603925E-08 3.38288215E-07
2.38803532E-01 2.18989981E-07 3.43002873E-07
2.39090568E-01 1.82967014E-07 3.44404450E-07
2.39377602E-01 -1.01493763E-07 3.37583488E-07
2.39664636E-01 2.15082565E-07 3.44646187E-07
2.39951668E-01 6.22086355E-07 3.41803577E-07
2.40238700E-01 2.32575822E-07 3.40248886E-07
2.40525730E-01 8.86981948E-07 3.40718066E-07
2.40812758E-01 7.81165966E-07 3.38740499E-07
2.41099786E-01 -6.95520030E-09 3.42272264E-07
2.41386812E-01 4.46730169E-07 3.38145035E-07
2.41673838E-01 4.07952009E-07 3.41988630E-07
2.41960861E-01 1.50341087E-07 3.39481578E-07
2.42247884E-01 3.74862459E-07 3.39411442E-07
2.42534906E-01 2.12357245E-07 3.41629317E-07
2.42821926E-01 2.28591773E-08 3.38334837E-07
2.43108945E-01 5.32648372E-07 3.37764497E-07
2.43395963E-01 4.30980556E-07 3.38495833E-07
2.43682980E-01 2.17633603E-07 3.38925369E-07
2.43969995E-01 2.59253040E-07 3.42861005E-07
2.44257009E-01 5.84844460E-07 3.38547466E-07
2.44544022E-01 2.94940558E-07 3.39222122E-07
2.44831034E-01 2.72793637E-07 3.38640141E-07
2.45118045E-01 -4.48828113E-09 3.38090419E-07
2.45405054E-01 -3.29565655E-08 3.36431288E-07
2.45692062E-01 3.63404672E-07 3.37989285E-07
2.45979069E-01 3.47270733E-07 3.41894210E-07
2.46266074E-01 2.18065050E-07 3.37094942E-07
2.46553079E-01 1.51397083E-07 3.34819528E-07
2.46840082E-01 8.61104039E-08 3.34481488E-07
2.47127084E-01 3.26339332E-07 3.36232849E-07
2.47414084E-01 5.32141935E-07 3.36390447E-07
2.47701084E-01 -1.46134802E-07 3.36088338E-07
2.47988082E-01 -2.01714912E-08 3.34237299E-07
2.48275079E-01 1.95827964E-07 3.32658841E-07
2.48562075E-01 5.49146155E-07 3.37931279E-07
2.48849069E-01 5.21499524E-07 3.39891692E-07
2.49136062E-01 6.61923002E-07 3.32215256E-07
2.49423054E-01 9.70899395E-08 3.31906691E-07
2.49710045E-01 5.97484213E-07 3.29974293E-07
2.49997034E-01 -3.38218321E-07 3.31956426E-07
2.50284022E-01 3.77609795E-07 3.29040117E-07
2.50571009E-01 3.42615667E-07 3.32302384E-07
2.50857995E-01 2.52638312E-07 3.32687299E-07
2.51144979E-01 3.83360208E-07 3.33113629E-07
2.51431962E-01 6.28746165E-07 3.34614926E-07
2.51718944E-01 1.50470000E-07 3.31435665E-07
2.52005925E-01 2.82858380E-08 3.30633241E-07
2.52292904E-01 3.47045944E-07 3.34053911E-07
2.52579882E-01 6.47269369E-08 3.31811945E-07
2.52866859E-01 9.44829979E-08 3.30872828E-07
2.53153835E-01 7.66300835E-07 3.31479474E-07
2.53440809E-01 2.28467166E-07 3.33760032E-07
2.53727782E-01 1.34515814E-07 3.33286338E-07
2.54014754E-01 1.84191838E-07 3.32392910E-07
2.54301724E-01 3.24388294E-07 3.33775440E-07
2.54588694E-01 -3.94094422E-07 3.28490692E-07
2.54875661E-01 5.40150375E-07 3.32229126E-07
2.55162628E-01 1.24402204E-07 3.35956933E-07
2.55449593E-01 -3.70760218E-08 3.42193150E-07
2.55736558E-01 8.71289198E-07 3.50190643E-07
2.56023520E-01 5.74764042E-07 3.41882671E-07
2.56310482E-01 6.47354814E-08 3.49290519E-07
2.56597442E-01 7.52043730E-08 3.46716345E-07
2.56884401E-01 -1.04318023E-07 3.46346493E-07
2.57171359E-01 -8.65120504E-08 3.51380148E-07
2.57458315E-01 6.95649972E-07 3.50974213E-07
2.57745270E-01 6.81852659E-07 3.52170740E-07
2.58032224E-01 -5.60911711E-07 3.49001483E-07
2.58319176E-01 -1.54053189E-07 3.53976380E-07
2.58606128E-01 -1.00793295E-07 3.56372309E-07
2.58893077E-01 4.44817233E-07 3.51945580E-07
2.59180026E-01 2.78349781E-07 3.54569882E-07
2.59466973E-01 -3.31061293E-08 3.52238463E-07
2.59753919E-01 1.00131323E-06 3.58280190E-07
2.60040864E-01 1.66878786E-07 3.54089750E-07
2.60327807E-01 1.25850848E-07 3.51567150E-07
2.60614750E-01 8.18614924E-07 3.61510404E-07
2.60901690E-01 -4.05777621E-08 3.58063023E-07
2.61188630E-01 -5.49289265E-07 3.57246957E-07
2.61475568E-01 1.03247378E-06 3.58325587E-07
2.61762505E-01 -1.30837908E-07 3.58050894E-07
2.62049440E-01 3.25730598E-07 3.60171800E-07
2.62336375E-01 2.26014825E-07 3.57600996E-07
2.62623307E-01 2.41905734E-07 3.55361023E-07
2.62910239E-01 1.00468763E-07 3.56874764E-07
2.63197169E-01 -2.32940989E-07 3.60467746E-07
2.63484098E-01 3.03720548E-07 3.62997951E-07
2.63771026E-01 -8.27706840E-08 3.63078589E-07
2.64057952E-01 -2.29519041E-08 3.62009919E-07
2.64344877E-01 3.47366364E-07 3.64525347E-07
2.64631801E-01 1.47738080E-07 3.61413453E-07
2.64918723E-01 1.04263370E-07 3.57892042E-07
2.65205644E-01 2.80481071E-07 3.63172835E-07
2.65492564E-01 -2.15807764E-07 3.67291104E-07
2.65779482E-01 5.40240449E-07 3.62109286E-07
2.66066399E-01 1.96272887E-08 3.64651159E-07
2.66353315E-01 3.82319607E-07 3.58416878E-07
2.66640229E-01 5.17302871E-07 3.62227428E-07
2.66927142E-01 2.48538886E-07 3.68533204E-07
2.67214054E-01 -6.47134165E-07 3.81210163E-07
2.67500964E-01 7.21028964E-07 3.84210138E-07
2.67787873E-01 1.35944191E-07 3.83855528E-07
2.68074781E-01 -5.16146941E-07 3.96449311E-07
2.68361687E-01 -1.24613539E-07 3.93151895E-07
2.68648592E-01 3.09338033E-07 3.98238903E-07
2.68935496E-01 1.57901455E-07 4.03084330E-07
2.69222398E-01 1.08458066E-06 4.07469656E-07
2.69509299E-01 -5.22609404E-07 4.14168967E-07
2.69796199E-01 4.12307445E-07 4.09421497E-07
2.70083097E-01 1.05270886E-07 4.19842734E-07
2.70369994E-01 3.50985301E-07 4.20386251E-07
2.70656889E-01 1.50812923E-07 4.24514299E-07
2.70943783E-01 -4.03988213E-07 4.27738053E-07
2.71230676E-01 -4.53277075E-08 4.21874509E-07
2.71517568E-01 -3.17466132E-07 4.30760905E-07
2.71804458E-01 7.21341782E-07 4.29974400E-07
2.72091346E-01 9.05991743E-07 4.27802366E-07
2.72378234E-01 7.01794127E-07 4.34939309E-07
2.72665120E-01 1.37646991E-08 4.30623153E-07
2.72952004E-01 4.07895294E-07 4.40256436E-07
2.73238888E-01 -5.52918262E-07 4.35326183E-07
2.73525769E-01 -3.56412164E-07 4.35924131E-07
2.73812650E-01 -5.50180322E-07 4.38186114E-07
2.74099529E-01 5.73242628E-07 4.37616242E-07
2.74386407E-01 9.00666839E-07 4.47030570E-07
2.74673283E-01 -1.70103723E-07 4.43067392E-07
2.74960158E-01 1.80424270E-07 4.46715861E-07
2.75247032E-01 4.31242333E-07 4.47083494E-07
2.75533904E-01 -1.23110611E-08 4.49045204E-07
2.75820775E-01 -5.08601015E-07 4.44481949E-07
2.76107644E-01 -4.92477115E-07 4.50725750E-07
2.76394513E-01 7.09966715E-07 4.51781467E-07
2.76681379E-01 -2.15995876E-07 4.56222884E-07
2.76968245E-01 1.51019862E-07 4.50379550E-07
2.77255108E-01 -2.27607435E-07 4.55985230E-07
2.77541971E-01 6.75740695E-07 4.58398402E-07
2.77828832E-01 -5.71349677E-08 4.48367235E-07
2.78115692E-01 3.59002418E-08 4.62575721E-07
2.78402550E-01 -2.30032576E-07 4.50642263E-07
2.78689407E-01 -3.14146193E-07 4.65161220E-07
2.78976263E-01 8.17000641E-08 4.63149143E-07
2.79263117E-01 -2.28840029E-07 4.62411907E-07
2.79549970E-01 5.24270129E-07 4.62985762E-07
2.79836821E-01 -3.49693211E-07 4.67795103E-07
2.80123671E-01 3.51305927E-07 4.67715224E-07
2.80410520E-01 7.40126669E-08 4.70538884E-07
2.80697367E-01 -1.28286277E-07 4.61352440E-07
2.80984213E-01 -1.98855745E-07 4.77341014E-07
2.81271057E-01 7.75181707E-07 4.74373821E-07
2.81557900E-01 6.54409409E-07 4.73653871E-07
2.81844742E-01 -8.24136946E-07 4.76034266E-07
2.82131582E-01 3.28678476E-07 4.68882367E-07
2.82418420E-01 -2.64065125E-07 4.78092263E-07
2.82705258E-01 -4.05448136E-08 4.80091009E-07
2.82992094E-01 4.11805617E-07 4.81162718E-07
2.83278928E-01 1.61845613E-07 4.81006642E-07
2.83565761E-01 7.49391272E-07 4.79679237E-07
2.83852593E-01 2.43777654E-07 4.86771756E-07
2.84139423E-01 5.40781027E-07 4.91130535E-07
2.84426252E-01 -3.36947059E-07 4.77205930E-07
2.84713079E-01 1.04671929E-06 4.97280817E-07
2.84999905E-01 4.80534971E-08 4.77942849E-07
2.85286730E-01 2.52996632E-09 4.91241021E-07
2.85573553E-01 2.40505940E-07 4.85945721E-07
2.85860374E-01 -3.18318872E-07 4.85385647E-07
2.86147194E-01 -4.53781962E-07 4.96328584E-07
2.86434013E-01 9.32030395E-07 4.88293267E-07
2.86720831E-01 -3.06051801E-07 4.84688066E-07
2.87007646E-01 1.16881720E-07 4.94859774E-07
2.87294461E-01 5.25712948E-07 4.99779851E-07
2.87581274E-01 6.66294091E-07 5.11418508E-07
2.87868085E-01 4.19608763E-07 4.91434111E-07
2.88154896E-01 6.76105272E-07 5.05653915E-07
2.88441704E-01 3.40222860E-08 4.99715286E-07
2.88728512E-01 1.07831965E-07 5.04794898E-07
2.89015317E-01 4.15858401E-07 5.15659692E-07
2.89302122E-01 2.58330823E-07 4.95072913E-07
2.89588925E-01 -4.33649495E-07 5.14520578E-07
2.89875726E-01 4.44534157E-07 5.08824610E-07
2.90162526E-01 1.80135329E-07 5.13070885E-07
2.90449325E-01 4.64843626E-07 5.15453871E-07
2.90736122E-01 -2.00807484E-07 5.09717566E-07
2.91022917E-01 4.17538789E-07 5.18216599E-07
2.91309712E-01 5.35579666E-07 5.11129513E-07
2.91596504E-01 5.26683750E-07 5.20829982E-07
2.91883296E-01 5.07007590E-07 5.16375665E-07
2.92170085E-01 2.81311162E-07 5.18181073E-07
2.92456874E-01 5.98422502E-07 5.30078858E-07
2.92743661E-01 4.99146812E-07 5.20332958E-07
2.93030446E-01 -2.77937049E-07 5.25854296E-07
2.93317230E-01 3.50488465E-07 5.23455679E-07
2.93604012E-01 6.97466131E-07 5.28205849E-07
2.93890793E-01 -4.77899539E-08 5.32373792E-07
2.94177573E-01 1.68088398E-07 5.28424011E-07
2.94464351E-01 6.60710802E-07 5.38378559E-07
2.94751127E-01 3.98227590E-07 5.33643372E-07
2.95037903E-01 -5.72456565E-07 5.34208885E-07
2.95324676E-01 7.80813312E-07 5.36826436E-07
2.95611448E-01 -9.05761739E-07 5.40588928E-07
2.95898219E-01 1.95102567E-07 5.45707863E-07
2.96184988E-01 -1.57088560E-07 5.37493962E-07
2.96471756E-01 6.95099486E-07 5.37476911E-07
2.96758522E-01 2.06111793E-07 5.44892466E-07
2.97045287E-01 -8.52084022E-07 5.47240227E-07
2.97332050E-01 1.03865369E-07 5.50140966E-07
2.97618812E-01 -2.70292630E-07 5.49547999E-07
2.97905572E-01 -3.09191828E-07 5.58990708E-07
2.98192331E-01 5.92127310E-07 5.43577417E-07
2.98479088E-01 8.14859602E-07 5.54177814E-07
2.98765844E-01 4.81209564E-07 5.53970732E-07
2.99052598E-01 -1.81999009E-07 5.52282780E-07
2.99339351E-01 1.70323219E-07 5.60881957E-07
2.99626102E-01 9.23709373E-08 5.46441667E-07
2.99912852E-01 3.86720961E-07 5.58802727E-07
3.00199600E-01 -5.59860060E-07 5.50496680E-07
3.00486347E-01 5.32966368E-07 5.60089706E-07
3.00773092E-01 4.83533565E-07 5.63768465E-07
3.01059836E-01 7.16841763E-08 5.45841605E-07
3.01346578E-01 -9.92220602E-08 5.63000653E-07
3.01633319E-01 1.13899566E-07 5.50130514E-07
3.01920058E-01 9.55233171E-07 5.75241712E-07
3.02206796E-01 8.71759327E-08 5.66828074E-07
3.02493532E-01 5.14656460E-07 5.64343410E-07
3.02780267E-01 -5.65266920E-07 5.77372148E-07
3.03067000E-01 -8.03743375E-08 5.68138951E-07
3.03353732E-01 4.34663028E-07 5.79142143E-07
3.03640462E-01 -7.53187220E-07 5.75034891E-07
3.03927190E-01 7.21359502E-07 5.77877208E-07
3.04213918E-01 -1.18387550E-06 5.81212423E-07
3.04500643E-01 6.29268714E-07 5.73878325E-07
3.04787367E-01 4.49305456E-07 5.82308562E-07
3.05074090E-01 5.88396593E-07 5.77641912E-07
3.05360811E-01 -3.14949385E-07 5.91561038E-07
3.05647530E-01 -6.74879507E-07 5.93018598E-07
3.05934248E-01 -1.04325137E-06 5.77900175E-07
3.06220965E-01 -5.80938594E-08 6.00959781E-07
3.06507679E-01 1.39622729E-07 5.83947706E-07
3.06794393E-01 -3.82018821E-08 5.98524366E-07
3.07081105E-01 6.59270958E-08 5.94716388E-07
3.07367815E-01 -1.47624976E-07 5.90678798E-07
3.07654524E-01 1.31635721E-07 6.02321566E-07
3.07941231E-01 7.40250007E-08 5.84829200E-07
3.08227936E-01 6.73584029E-07 6.07817062E-07
3.08514640E-01 5.27818457E-07 5.96092631E-07
3.08801343E-01 6.70232935E-07 6.11173716E-07
3.09088044E-01 -6.75807950E-08 6.12508901E-07
3.09374743E-01 1.03773961E-06 5.91740286E-07
3.09661441E-01 1.02706368E-06 6.07820424E-07
3.09948138E-01 -7.25356748E-08 6.07110853E-07
3.10234833E-01 2.97381747E-07 6.17240993E-07
3.10521526E-01 2.09678410E-07 6.14504331E-07
3.10808218E-01 4.12091371E-07 6.13307934E-07
3.11094908E-01 -1.03447245E-08 6.28314859E-07
3.11381596E-01 -5.49447010E-07 6.01473206E-07
3.11668283E-01 -1.34944849E-07 6.11415181E-07
3.11954969E-01 -6.94725909E-07 6.31328573E-07
3.12241653E-01 1.91522916E-07 6.18022206E-07
3.12528335E-01 1.77690670E-06 6.31256719E-07
3.12815016E-01 -4.96215529E-07 6.08832296E-07
3.13101695E-01 8.76276089E-08 6.40708866E-07
3.13388373E-01 4.69291105E-07 6.24924755E-07
3.13675049E-01 3.40094505E-07 6.41836938E-07
3.13961723E-01 4.93208617E-07 6.36614054E-07
3.14248396E-01 1.62016734E-07 6.35568876E-07
3.14535067E-01 2.28056394E-07 6.52711242E-07
3.14821737E-01 9.95000407E-07 6.49125370E-07
3.15108405E-01 5.52570852E-07 6.48292147E-07
3.15395072E-01 6.63940562E-07 6.57152268E-07
3.15681737E-01 1.46938951E-06 6.44944912E-07
3.15968401E-01 7.13013992E-09 6.73305122E-07
3.16255063E-01 1.24884687E-07 6.53659199E-07
3.16541723E-01 6.09228286E-07 6.61635213E-07
3.16828382E-01 -7.71185737E-08 6.58669261E-07
3.17115039E-01 4.65556897E-08 6.64131406E-07
3.17401694E-01 -1.40651871E-07 6.87559020E-07
3.17688348E-01 4.86423595E-07 6.43127196E-07
3.17975001E-01 -9.13473359E-07 6.71765403E-07
3.18261651E-01 2.66921558E-07 6.64939939E-07
3.18548301E-01 -4.72130728E-07 6.82664505E-07
3.18834948E-01 -9.00936120E-08 6.79769019E-07
3.19121594E-01 8.44993386E-08 6.74162129E-07
3.19408239E-01 2.50622739E-07 6.76061870E-07
3.19694881E-01 3.55235237E-07 6.83806834E-07
3.19981523E-01 1.08529290E-09 6.89372883E-07
3.20268162E-01 6.85957915E-07 6.79501668E-07
3.20554800E-01 1.06629995E-06 6.91011781E-07
3.20841436E-01 1.54475619E-07 7.02068988E-07
3.21128071E-01 1.27556297E-06 6.76438425E-07
3.21414704E-01 -1.51933486E-06 6.98767078E-07
3.21701336E-01 6.02948951E-07 7.01416130E-07
3.21987966E-01 -3.01121292E-07 7.00693171E-07
3.22274594E-01 -1.76521933E-07 7.03973280E-07
3.22561221E-01 -1.42887850E-07 7.01600487E-07
3.22847846E-01 2.28696678E-07 7.19082472E-07
3.23134470E-01 7.59945011E-07 7.02905528E-07
3.23421092E-01 6.28675789E-07 7.19527868E-07
3.23707712E-01 6.20934383E-07 7.25038171E-07
3.23994330E-01 2.90402451E-07 7.21399292E-07
3.24280948E-01 -1.64272677E-07 7.31732310E-07
3.24567563E-01 6.84820825E-08 7.15843637E-07
3.24854177E-01 -1.46762089E-07 7.23924802E-07
3.25140789E-01 4.39794199E-08 7.34150267E-07
3.25427399E-01 7.40685487E-08 7.29349931E-07
3.25714008E-01 2.39690315E-07 7.43388040E-07
3.26000616E-01 3.96496008E-07 7.24442624E-07
3.26287221E-01 1.44202793E-06 7.57191565E-07
3.26573825E-01 -5.33780573E-07 7.30763627E-07
3.26860428E-01 -3.96633993E-07 7.42577647E-07
3.27147028E-01 1.33699826E-08 7.44398896E-07
3.27433627E-01 -2.37377531E-07 7.32696248E-07
3.27720225E-01 1.06844893E-06 7.71523944E-07
3.28006821E-01 -6.47570066E-07 7.46296243E-07
3.28293415E-01 5.73853430E-07 7.69243445E-07
3.28580007E-01 -7.14787170E-07 7.46833366E-07
3.28866598E-01 -1.20970678E-07 7.63989910E-07
3.29153187E-01 1.15913188E-06 7.79748111E-07
3.29439775E-01 3.99106710E-07 7.70948736E-07
3.29726361E-01 -1.60857810E-07 7.85967717E-07
3.30012945E-01 1.01471926E-07 7.68641748E-07
3.30299528E-01 1.25259050E-06 7.95306545E-07
3.30586109E-01 7.46786223E-07 7.88341382E-07
3.30872688E-01 -1.03187231E-06 7.75587920E-07
3.31159266E-01 3.39835330E-07 7.84742378E-07
3.31445842E-01 3.38365188E-07 7.45114545E-07
3.31732416E-01 4.75156513E-07 7.91753533E-07
3.32018989E-01 -5.59096715E-08 7.84906877E-07
3.32305560E-01 -6.85274889E-07 8.08401086E-07
3.32592129E-01 -7.86665338E-07 8.05038106E-07
3.32878697E-01 -1.23149724E-07 7.60812052E-07
3.33165263E-01 -3.08772042E-07 8.25715553E-07
3.33451828E-01 -6.83374364E-07 7.80025804E-07
3.33738390E-01 -1.00961093E-06 7.95429905E-07
3.34024951E-01 -1.15726875E-07 8.10729007E-07
3.34311511E-01 8.16323194E-07 7.74007812E-07
3.34598069E-01 -1.06810068E-06 8.30640988E-07
3.34884625E-01 -1.30011902E-06 7.74287948E-07
3.35171179E-01 4.51301727E-07 8.18401602E-07
3.35457732E-01 -1.61741281E-07 8.07952962E-07
3.35744283E-01 -2.71503265E-07 8.08933988E-07
3.36030832E-01 1.82912728E-06 8.51806393E-07
3.36317380E-01 4.40804079E-07 8.15992821E-07
3.36603925E-01 1.30213418E-06 8.26599808E-07
3.36890470E-01 4.90322775E-07 8.33891004E-07
3.37177012E-01 9.07398828E-07 8.43294336E-07
3.37463553E-01 2.22864302E-06 8.94211656E-07
3.37750092E-01 -2.72447889E-07 8.33635149E-07
3.38036630E-01 1.06126926E-06 8.86171285E-07
3.38323166E-01 -5.90995341E-07 8.19658041E-07
3.38609700E-01 -1.30004792E-06 8.73313828E-07
3.38896232E-01 -3.56024000E-07 8.78441908E-07
3.39182763E-01 1.41514097E-06 8.69365134E-07
3.39469292E-01 -3.89446906E-08 9.03757729E-07
3.39755820E-01 1.24638391E-07 8.52923007E-07
3.40042345E-01 2.95695972E-07 9.06635469E-07
3.40328869E-01 -8.13559436E-07 8.77676879E-07
3.40615391E-01 -6.10556835E-07 8.92807969E-07
3.40901912E-01 2.51629743E-07 9.30809767E-07
3.41188431E-01 6.20796436E-07 8.73102242E-07
3.41474948E-01 1.16503357E-06 9.41462530E-07
3.41761463E-01 -1.89666535E-06 8.75486249E-07
3.42047977E-01 -5.95350362E-07 9.12168416E-07
3.42334489E-01 -9.51029078E-07 9.36436433E-07
3.42620999E-01 1.36350545E-06 8.90425440E-07
3.42907508E-01 -1.05067428E-06 9.73037507E-07
3.43194015E-01 -1.17489645E-06 9.05155183E-07
3.43480520E-01 -1.95192311E-07 9.32753668E-07
3.43767023E-01 -2.66662396E-07 9.44036626E-07
3.44053525E-01 -7.01775208E-07 9.72693771E-07
3.44340025E-01 3.42830842E-07 9.81653579E-07
3.44626523E-01 1.34185157E-06 9.42906671E-07
3.44913020E-01 1.13179028E-06 9.69991188E-07
3.45199515E-01 2.25332837E-07 9.45336865E-07
3.45486008E-01 9.37842654E-07 9.74865070E-07
3.45772499E-01 6.30831074E-07 1.02622479E-06
3.46058989E-01 5.66430678E-07 9.49983262E-07
3.46345477E-01 2.16411065E-06 1.04855484E-06
3.46631963E-01 -1.33453661E-06 9.93357152E-07
3.46918447E-01 9.64222351E-07 1.02599312E-06
3.47204930E-01 -1.60096602E-06 1.02891864E-06
3.47491411E-01 4.14852820E-07 1.03297788E-06
3.47777890E-01 1.54078091E-06 1.07884037E-06
3.48064368E-01 -9.74068012E-08 9.96120933E-07
3.48350844E-01 4.86591630E-07 1.10647319E-06
3.48637318E-01 2.33777927E-06 1.03042841E-06
3.48923790E-01 -1.05984741E-06 1.07960378E-06
3.49210260E-01 2.04927971E-06 1.11978581E-06
3.49496729E-01 2.65814720E-07 1.01018649E-06
3.49783196E-01 4.10427771E-07 1.10571139E-06
3.50069662E-01 6.18035813E-07 1.08000028E-06
3.50356125E-01 1.73497634E-06 1.11538288E-06
3.50642587E-01 1.00884097E-06 1.14555988E-06
3.50929047E-01 1.47454105E-07 1.09065595E-06
3.51215505E-01 5.87368533E-07 1.20762584E-06
3.51501962E-01 6.06421391E-07 1.07399817E-06
3.51788416E-01 -4.23416326E-07 1.16591243E-06
3.52074869E-01 -6.24008629E-07 1.18877795E-06
3.52361321E-01 1.22978804E-06 1.19062126E-06
3.52647770E-01 -9.46174818E-07 1.27101223E-06
3.52934218E-01 2.08150099E-06 1.12200735E-06
3.53220664E-01 -1.58584674E-06 1.29423738E-06
3.53507108E-01 -3.04727104E-06 1.16180442E-06
3.53793550E-01 -2.16810127E-06 1.24308944E-06
3.54079991E-01 -1.62558845E-06 1.29298113E-06
3.54366430E-01 -1.10490543E-06 1.17108657E-06
3.54652867E-01 1.98429529E-06 1.39102470E-06
3.54939302E-01 1.05860813E-06 1.21213677E-06
3.55225736E-01 3.60118982E-07 1.40232140E-06
3.55512168E-01 -5.02004123E-07 1.26692240E-06
3.55798598E-01 1.33064618E-06 1.28968784E-06
3.56085026E-01 5.33947887E-07 1.48600753E-06
3.56371452E-01 3.92835299E-07 1.25790743E-06
3.56657877E-01 -5.99426004E-07 1.39325145E-06
3.56944300E-01 -1.08368801E-06 1.32936277E-06
3.57230721E-01 3.52660134E-07 1.49138596E-06
3.57517140E-01 7.90939726E-07 1.51307437E-06
3.57803558E-01 2.08208025E-06 1.37759449E-06
3.58089973E-01 -3.11939928E-06 1.49422082E-06
3.58376387E-01 3.29829874E-06 1.42848000E-06
3.58662800E-01 -1.57947442E-06 1.53639264E-06
3.58949210E-01 -1.20824497E-06 1.49554197E-06
3.59235618E-01 -9.56983296E-07 1.52838752E-06
3.59522025E-01 -2.94183963E-07 1.65229669E-06
3.59808430E-01 -6.28298690E-08 1.44279413E-06
3.60094833E-01 1.13337182E-06 1.65298660E-06
3.60381235E-01 1.56443059E-06 1.61463680E-06
3.60667634E-01 1.22164557E-06 1.73805102E-06
3.60954032E-01 2.75719054E-06 1.69739131E-06
3.61240428E-01 -4.69650718E-07 1.60940404E-06
3.61526822E-01 1.18964351E-06 1.79172308E-06
3.61813215E-01 1.44926167E-06 1.78684143E-06
3.62099605E-01 -1.83813072E-06 1.80139881E-06
3.62385994E-01 1.45169857E-06 2.08231796E-06
3.62672381E-01 -8.03810122E-07 1.75875556E-06
3.62958766E-01 -3.61504690E-06 2.02930732E-06


### HEADER:

{
    "Notes": "", 
    "analysis": {
        "guinier": {
            "I0": "6.51923195066e-05", 
            "I0_autorg_err": "5.323E-08", 
            "I0_err": 2.4830990231446786e-07, 
            "I0_est_err": -1, 
            "I0_fit_err": 2.4830990231446786e-07, 
            "Rg": "39.6534986264", 
            "Rg_autorg_err": "0.1313", 
            "Rg_err": 0.25902924622673007, 
            "Rg_est_err": -1, 
            "Rg_fit_err": 0.25902924622673007, 
            "nEnd": 97, 
            "nStart": 10, 
            "qEnd": "0.03249", 
            "qRg_max": "1.2883868252195758", 
            "qRg_min": "0.2964459916840001", 
            "qStart": "0.00748", 
            "rsq": "0.9836836653059953"
        }
    }, 
    "filename": "S_A_TS2_002_0553.dat", 
    "history": {
        "subtraction": {
            "initial_file": [
                "A_TS2_002_0553.tif", 
                {
                    "averaged_files": [
                        [
                            "TS2_002_0553.tif"
                        ], 
                        [
                            "TS2_002_0554.tif"
                        ], 
                        [
                            "TS2_002_0555.tif"
                        ], 
                        [
                            "TS2_002_0556.tif"
                        ], 
                        [
                            "TS2_002_0557.tif"
                        ], 
                        [
                            "TS2_002_0558.tif"
                        ], 
                        [
                            "TS2_002_0559.tif"
                        ], 
                        [
                            "TS2_002_0560.tif"
                        ], 
                        [
                            "TS2_002_0561.tif"
                        ], 
                        [
                            "TS2_002_0562.tif"
                        ]
                    ]
                }
            ], 
            "subtracted_file": [
                "A_TS2_002_0451.tif", 
                {
                    "averaged_files": [
                        [
                            "TS2_002_0451.tif"
                        ], 
                        [
                            "TS2_002_0452.tif"
                        ], 
                        [
                            "TS2_002_0453.tif"
                        ], 
                        [
                            "TS2_002_0454.tif"
                        ], 
                        [
                            "TS2_002_0455.tif"
                        ], 
                        [
                            "TS2_002_0456.tif"
                        ], 
                        [
                            "TS2_002_0457.tif"
                        ], 
                        [
                            "TS2_002_0458.tif"
                        ], 
                        [
                            "TS2_002_0459.tif"
                        ], 
                        [
                            "TS2_002_0460.tif"
                        ], 
                        [
                            "TS2_002_0461.tif"
                        ], 
                        [
                            "TS2_002_0462.tif"
                        ], 
                        [
                            "TS2_002_0463.tif"
                        ], 
                        [
                            "TS2_002_0464.tif"
                        ], 
                        [
                            "TS2_002_0465.tif"
                        ], 
                        [
                            "TS2_002_0466.tif"
                        ], 
                        [
                            "TS2_002_0467.tif"
                        ], 
                        [
                            "TS2_002_0468.tif"
                        ], 
                        [
                            "TS2_002_0469.tif"
                        ], 
                        [
                            "TS2_002_0470.tif"
                        ], 
                        [
                            "TS2_002_0471.tif"
                        ], 
                        [
                            "TS2_002_0472.tif"
                        ], 
                        [
                            "TS2_002_0473.tif"
                        ], 
                        [
                            "TS2_002_0474.tif"
                        ], 
                        [
                            "TS2_002_0475.tif"
                        ], 
                        [
                            "TS2_002_0476.tif"
                        ], 
                        [
                            "TS2_002_0477.tif"
                        ], 
                        [
                            "TS2_002_0478.tif"
                        ], 
                        [
                            "TS2_002_0479.tif"
                        ], 
                        [
                            "TS2_002_0480.tif"
                        ], 
                        [
                            "TS2_002_0481.tif"
                        ], 
                        [
                            "TS2_002_0482.tif"
                        ], 
                        [
                            "TS2_002_0483.tif"
                        ], 
                        [
                            "TS2_002_0484.tif"
                        ], 
                        [
                            "TS2_002_0485.tif"
                        ], 
                        [
                            "TS2_002_0486.tif"
                        ]
                    ]
                }
            ]
        }
    }
}

