### DATA:
#
# 1219
#      Q             I(Q)           Error     
4.27121953E-03  3.18833235E-04  3.07116568E-04
4.55596738E-03  7.46904549E-05  1.33407709E-04
4.84071521E-03  3.23659887E-04  9.28333813E-05
5.12546302E-03  1.69706204E-04  7.54063549E-05
5.41021080E-03  2.17470812E-04  6.58562055E-05
5.69495855E-03  2.20580597E-04  5.81462248E-05
5.97970628E-03  1.93085602E-04  5.40258862E-05
6.26445397E-03  3.35043486E-04  5.13127513E-05
6.54920164E-03  2.14028423E-04  4.84149760E-05
6.83394927E-03  2.87732939E-04  4.78539186E-05
7.11869687E-03  2.10399000E-04  4.64293352E-05
7.40344444E-03  2.32166617E-04  4.67614454E-05
7.68819197E-03  1.94289961E-04  4.54752023E-05
7.97293946E-03  2.65312294E-04  4.50995373E-05
8.25768691E-03  2.59263217E-04  4.30106632E-05
8.54243432E-03  2.15991129E-04  4.41875923E-05
8.82718168E-03  2.13827821E-04  4.14349131E-05
9.11192901E-03  2.18231763E-04  4.20554899E-05
9.39667629E-03  2.80966184E-04  4.08418676E-05
9.68142352E-03  2.71954751E-04  4.05674271E-05
9.96617071E-03  2.63083410E-04  4.09450999E-05
1.02509178E-02  2.53879512E-04  3.88350940E-05
1.05356649E-02  2.04827622E-04  3.87941287E-05
1.08204120E-02  2.29541232E-04  3.82760436E-05
1.11051589E-02  2.73524637E-04  3.70508904E-05
1.13899059E-02  3.34341779E-04  3.60848676E-05
1.16746527E-02  1.92640278E-04  3.48178587E-05
1.19593995E-02  3.22821560E-04  3.43821317E-05
1.22441463E-02  3.16988889E-04  3.20251036E-05
1.25288930E-02  2.29011849E-04  3.20479352E-05
1.28136396E-02  2.54156968E-04  3.10271236E-05
1.30983862E-02  2.47746753E-04  3.05031114E-05
1.33831327E-02  2.45406709E-04  3.02050146E-05
1.36678791E-02  2.76912354E-04  2.94378606E-05
1.39526255E-02  2.89204675E-04  2.95600616E-05
1.42373718E-02  2.53808344E-04  2.80802227E-05
1.45221180E-02  2.65436903E-04  2.77927107E-05
1.48068642E-02  2.31970110E-04  2.75262479E-05
1.50916103E-02  2.68203847E-04  2.72296996E-05
1.53763563E-02  2.69801141E-04  2.69463536E-05
1.56611022E-02  3.01118829E-04  2.67561853E-05
1.59458481E-02  2.11318159E-04  2.61378821E-05
1.62305939E-02  2.76238379E-04  2.58349891E-05
1.65153396E-02  2.78623428E-04  2.57769403E-05
1.68000852E-02  2.96034398E-04  2.52660397E-05
1.70848307E-02  2.16387047E-04  2.45367900E-05
1.73695762E-02  2.36114749E-04  2.45122446E-05
1.76543215E-02  2.20584784E-04  2.47112929E-05
1.79390668E-02  2.47279564E-04  2.38014118E-05
1.82238120E-02  2.50048234E-04  2.36093988E-05
1.85085571E-02  2.51039063E-04  2.34647397E-05
1.87933021E-02  2.44238296E-04  2.35892659E-05
1.90780470E-02  2.46920348E-04  2.33338185E-05
1.93627918E-02  2.38570183E-04  2.23294268E-05
1.96475366E-02  2.62897620E-04  2.28567603E-05
1.99322812E-02  2.39580162E-04  2.24417437E-05
2.02170257E-02  2.57300694E-04  2.21508334E-05
2.05017701E-02  2.48760423E-04  2.15879609E-05
2.07865145E-02  2.57301578E-04  2.13038546E-05
2.10712587E-02  2.18673986E-04  2.13809047E-05
2.13560028E-02  2.38418306E-04  2.14120365E-05
2.16407468E-02  2.52160900E-04  2.09577955E-05
2.19254908E-02  2.44501532E-04  2.09706197E-05
2.22102346E-02  2.54499852E-04  2.08109542E-05
2.24949783E-02  2.22939505E-04  2.05728363E-05
2.27797218E-02  2.55693427E-04  2.04125473E-05
2.30644653E-02  2.63528064E-04  2.06481731E-05
2.33492087E-02  2.30474962E-04  2.08692575E-05
2.36339519E-02  2.16151068E-04  2.12005150E-05
2.39186950E-02  2.55071019E-04  2.08902469E-05
2.42034380E-02  2.22510884E-04  2.06339108E-05
2.44881809E-02  2.26465679E-04  2.13458411E-05
2.47729237E-02  2.13381352E-04  2.07834941E-05
2.50576663E-02  2.35172355E-04  2.09921826E-05
2.53424089E-02  2.12442300E-04  2.04540112E-05
2.56271512E-02  2.43815523E-04  2.03866417E-05
2.59118935E-02  2.28386736E-04  2.06306007E-05
2.61966357E-02  1.90739479E-04  2.01776299E-05
2.64813777E-02  2.22182920E-04  2.04619046E-05
2.67661196E-02  2.09357583E-04  2.02183333E-05
2.70508613E-02  2.35520980E-04  2.05305123E-05
2.73356029E-02  2.00725929E-04  2.03038511E-05
2.76203444E-02  2.53391384E-04  1.98550010E-05
2.79050857E-02  2.10066799E-04  2.01847194E-05
2.81898269E-02  1.77901878E-04  1.97472886E-05
2.84745680E-02  2.53170479E-04  1.99564825E-05
2.87593089E-02  2.20095762E-04  1.95121090E-05
2.90440497E-02  2.04657660E-04  1.92551918E-05
2.93287904E-02  1.92203927E-04  1.94152820E-05
2.96135309E-02  2.29568176E-04  1.96414669E-05
2.98982712E-02  2.31741746E-04  1.94701933E-05
3.01830114E-02  1.96436266E-04  1.93809239E-05
3.04677515E-02  2.29115134E-04  1.93899536E-05
3.07524914E-02  1.88262821E-04  1.93111902E-05
3.10372311E-02  2.08816020E-04  1.90173807E-05
3.13219707E-02  1.97241444E-04  1.89294112E-05
3.16067102E-02  2.24718716E-04  1.87404582E-05
3.18914495E-02  2.11214525E-04  1.90160631E-05
3.21761886E-02  2.00954943E-04  1.88032937E-05
3.24609276E-02  2.23655961E-04  1.86740548E-05
3.27456664E-02  1.90733295E-04  1.86372370E-05
3.30304050E-02  2.01284373E-04  1.86853156E-05
3.33151435E-02  1.91580764E-04  1.86898807E-05
3.35998819E-02  1.87757596E-04  1.83543903E-05
3.38846200E-02  2.23881979E-04  1.82651963E-05
3.41693580E-02  2.37944769E-04  1.81486279E-05
3.44540958E-02  2.12399973E-04  1.82833236E-05
3.47388335E-02  1.60503737E-04  1.81252131E-05
3.50235710E-02  1.95549236E-04  1.81756330E-05
3.53083083E-02  2.22207326E-04  1.82045300E-05
3.55930454E-02  1.95828466E-04  1.79388199E-05
3.58777824E-02  1.73740600E-04  1.79256421E-05
3.61625192E-02  1.73490959E-04  1.77052770E-05
3.64472558E-02  2.04326534E-04  1.77705316E-05
3.67319922E-02  2.07979974E-04  1.78867157E-05
3.70167284E-02  1.90915493E-04  1.78005148E-05
3.73014645E-02  2.01284128E-04  1.78226634E-05
3.75862004E-02  1.81654787E-04  1.74865348E-05
3.78709361E-02  1.70244940E-04  1.74510489E-05
3.81556716E-02  1.88575912E-04  1.77002630E-05
3.84404069E-02  1.87723334E-04  1.73477133E-05
3.87251420E-02  1.86974699E-04  1.74798825E-05
3.90098769E-02  2.02480175E-04  1.74403663E-05
3.92946117E-02  1.96564528E-04  1.73743866E-05
3.95793462E-02  1.99700760E-04  1.70887344E-05
3.98640806E-02  1.87538382E-04  1.68655564E-05
4.01488147E-02  1.81277914E-04  1.72271188E-05
4.04335487E-02  1.62360663E-04  1.70841308E-05
4.07182825E-02  1.59752146E-04  1.69109601E-05
4.10030160E-02  1.72752929E-04  1.68590592E-05
4.12877494E-02  1.40757061E-04  1.69684098E-05
4.15724825E-02  1.77564833E-04  1.69867579E-05
4.18572155E-02  1.79036354E-04  1.68176695E-05
4.21419482E-02  1.73448760E-04  1.68533655E-05
4.24266808E-02  1.74521538E-04  1.68330576E-05
4.27114131E-02  1.70009477E-04  1.66444558E-05
4.29961452E-02  1.74947464E-04  1.68447282E-05
4.32808771E-02  1.60278245E-04  1.65624015E-05
4.35656088E-02  1.72910254E-04  1.66735365E-05
4.38503403E-02  1.68275470E-04  1.67631275E-05
4.41350715E-02  1.51569578E-04  1.66160551E-05
4.44198026E-02  1.91600339E-04  1.64436360E-05
4.47045334E-02  1.47439028E-04  1.64198037E-05
4.49892640E-02  1.69349745E-04  1.64593944E-05
4.52739944E-02  1.51702668E-04  1.66068186E-05
4.55587245E-02  1.61702932E-04  1.62232583E-05
4.58434544E-02  1.66883437E-04  1.62430669E-05
4.61281841E-02  1.52112845E-04  1.58926511E-05
4.64129136E-02  1.58794429E-04  1.60836482E-05
4.66976429E-02  1.42112339E-04  1.61391698E-05
4.69823719E-02  1.63161026E-04  1.59482390E-05
4.72671007E-02  1.52638103E-04  1.60955981E-05
4.75518292E-02  1.65397415E-04  1.61120910E-05
4.78365575E-02  1.54753048E-04  1.58981208E-05
4.81212856E-02  1.65926824E-04  1.56845796E-05
4.84060135E-02  1.44689782E-04  1.62224981E-05
4.86907411E-02  1.80821629E-04  1.64479043E-05
4.89754684E-02  1.34390463E-04  1.67982093E-05
4.92601956E-02  1.32469306E-04  1.64452989E-05
4.95449224E-02  1.34588821E-04  1.67233459E-05
4.98296491E-02  1.55117996E-04  1.67841223E-05
5.01143755E-02  1.45732943E-04  1.69084594E-05
5.03991016E-02  1.51076707E-04  1.69572311E-05
5.06838275E-02  1.32878212E-04  1.68512063E-05
5.09685532E-02  1.13475325E-04  1.70423482E-05
5.12532785E-02  1.05526570E-04  1.70847140E-05
5.15380037E-02  1.52910949E-04  1.70970461E-05
5.18227286E-02  1.67339897E-04  1.71783957E-05
5.21074532E-02  1.39601790E-04  1.70323054E-05
5.23921776E-02  1.47380961E-04  1.71285487E-05
5.26769017E-02  1.21145604E-04  1.74094659E-05
5.29616255E-02  1.27091954E-04  1.72662293E-05
5.32463491E-02  1.58646078E-04  1.75771835E-05
5.35310725E-02  1.12715877E-04  1.73300240E-05
5.38157955E-02  1.33181419E-04  1.73540413E-05
5.41005183E-02  1.30510932E-04  1.72719549E-05
5.43852409E-02  1.38082708E-04  1.71459011E-05
5.46699631E-02  1.24345118E-04  1.74287277E-05
5.49546851E-02  1.34715808E-04  1.71370666E-05
5.52394069E-02  1.08856329E-04  1.74561016E-05
5.55241283E-02  1.45008245E-04  1.71246478E-05
5.58088495E-02  1.03533698E-04  1.72254185E-05
5.60935704E-02  1.25221051E-04  1.75382441E-05
5.63782910E-02  1.36995944E-04  1.71082962E-05
5.66630114E-02  1.11061274E-04  1.73947717E-05
5.69477315E-02  1.13598585E-04  1.72921492E-05
5.72324512E-02  1.17870236E-04  1.73038710E-05
5.75171708E-02  1.13945571E-04  1.71576458E-05
5.78018900E-02  8.68594488E-05  1.70884963E-05
5.80866089E-02  1.41154478E-04  1.73252140E-05
5.83713276E-02  1.39978377E-04  1.71581414E-05
5.86560459E-02  1.45494125E-04  1.71165102E-05
5.89407640E-02  8.30765978E-05  1.71241979E-05
5.92254818E-02  1.16318270E-04  1.71478479E-05
5.95101993E-02  1.08771298E-04  1.71530854E-05
5.97949165E-02  1.20468414E-04  1.69917349E-05
6.00796334E-02  1.38617745E-04  1.70967298E-05
6.03643500E-02  1.28203678E-04  1.71262924E-05
6.06490663E-02  1.18873224E-04  1.69562838E-05
6.09337823E-02  1.10638705E-04  1.69339828E-05
6.12184980E-02  1.10521783E-04  1.67684016E-05
6.15032134E-02  1.07361916E-04  1.70369022E-05
6.17879285E-02  1.06820101E-04  1.69453005E-05
6.20726433E-02  1.35006392E-04  1.69629449E-05
6.23573578E-02  9.20659068E-05  1.68714567E-05
6.26420720E-02  1.13133952E-04  1.70045641E-05
6.29267859E-02  1.03739183E-04  1.68987533E-05
6.32114995E-02  9.91077873E-05  1.67627866E-05
6.34962127E-02  9.51435422E-05  1.66889151E-05
6.37809257E-02  1.06493340E-04  1.64668369E-05
6.40656383E-02  1.16290379E-04  1.66520877E-05
6.43503506E-02  7.20456125E-05  1.66853999E-05
6.46350626E-02  1.09314331E-04  1.65525910E-05
6.49197743E-02  1.09784327E-04  1.66403127E-05
6.52044856E-02  9.97914971E-05  1.67260088E-05
6.54891967E-02  1.06561998E-04  1.65811512E-05
6.57739074E-02  6.40198748E-05  1.66124318E-05
6.60586178E-02  9.63763355E-05  1.65117170E-05
6.63433278E-02  1.25837535E-04  1.64327752E-05
6.66280375E-02  1.08492251E-04  1.64035908E-05
6.69127470E-02  9.46680170E-05  1.66277609E-05
6.71974560E-02  1.20351199E-04  1.68235012E-05
6.74821648E-02  1.10307180E-04  1.72451950E-05
6.77668732E-02  6.81013906E-05  1.73851837E-05
6.80515813E-02  1.00058690E-04  1.76145829E-05
6.83362890E-02  8.01196178E-05  1.79023674E-05
6.86209964E-02  9.27136069E-05  1.78448750E-05
6.89057035E-02  1.09687926E-04  1.80078211E-05
6.91904102E-02  8.12678608E-05  1.82660081E-05
6.94751166E-02  1.17468292E-04  1.83472187E-05
6.97598226E-02  6.25094988E-05  1.84956529E-05
7.00445283E-02  9.42060830E-05  1.83018103E-05
7.03292337E-02  1.05038283E-04  1.87417868E-05
7.06139387E-02  7.92240524E-05  1.88266354E-05
7.08986433E-02  9.49177497E-05  1.86858724E-05
7.11833476E-02  1.03726705E-04  1.91098014E-05
7.14680516E-02  1.16686270E-04  1.86961489E-05
7.17527552E-02  5.65890933E-05  1.88805805E-05
7.20374584E-02  7.84453522E-05  1.92519829E-05
7.23221613E-02  9.09964198E-05  1.81981840E-05
7.26068639E-02  7.83197955E-05  1.78605659E-05
7.28915661E-02  1.08013411E-04  1.75163235E-05
7.31762679E-02  7.28398612E-05  1.75196133E-05
7.34609693E-02  8.25198486E-05  1.75502294E-05
7.37456704E-02  7.83090426E-05  1.72540596E-05
7.40303712E-02  8.56421965E-05  1.73061335E-05
7.43150715E-02  8.96920283E-05  1.68407640E-05
7.45997715E-02  7.26300020E-05  1.69541023E-05
7.48844712E-02  9.93274189E-05  1.68044561E-05
7.51691704E-02  6.53790658E-05  1.66440737E-05
7.54538693E-02  4.15862693E-05  1.67980250E-05
7.57385678E-02  5.05871135E-05  1.64457027E-05
7.60232660E-02  4.11921288E-05  1.64257411E-05
7.63079638E-02  9.56822007E-05  1.65128720E-05
7.65926612E-02  1.07138805E-04  1.66234513E-05
7.68773582E-02  5.37517367E-05  1.64017122E-05
7.71620548E-02  8.04898606E-05  1.62793409E-05
7.74467511E-02  8.87609490E-05  1.64439557E-05
7.77314470E-02  6.17034508E-05  1.64105086E-05
7.80161425E-02  6.90543889E-05  1.63825689E-05
7.83008376E-02  4.75244420E-05  1.64375137E-05
7.85855323E-02  5.37981478E-05  1.61249851E-05
7.88702266E-02  7.45941655E-05  1.64080712E-05
7.91549206E-02  6.29170314E-05  1.61476676E-05
7.94396141E-02  7.46145864E-05  1.62915461E-05
7.97243073E-02  5.55698878E-05  1.61287675E-05
8.00090001E-02  8.71200056E-05  1.61900846E-05
8.02936924E-02  3.31676478E-05  1.61294110E-05
8.05783844E-02  7.12710787E-05  1.58800722E-05
8.08630760E-02  7.84344208E-05  1.58915857E-05
8.11477672E-02  6.49907713E-05  1.57217740E-05
8.14324580E-02  5.92931062E-05  1.59953770E-05
8.17171484E-02  9.64269295E-05  1.58952389E-05
8.20018383E-02  4.53228455E-05  1.57335365E-05
8.22865279E-02  7.38820638E-05  1.58268039E-05
8.25712171E-02  5.92190164E-05  1.59336931E-05
8.28559058E-02  7.19926168E-05  1.59214646E-05
8.31405942E-02  6.29540203E-05  1.56933269E-05
8.34252821E-02  5.52326454E-05  1.58849289E-05
8.37099697E-02  7.28609391E-05  1.57435317E-05
8.39946568E-02  4.21001591E-05  1.57079746E-05
8.42793435E-02  7.59410820E-05  1.56899579E-05
8.45640298E-02  7.27553334E-05  1.56393657E-05
8.48487157E-02  4.70449336E-05  1.57514288E-05
8.51334011E-02  9.79137350E-05  1.58067460E-05
8.54180862E-02  5.18021026E-05  1.56114833E-05
8.57027708E-02  7.30154190E-05  1.57577742E-05
8.59874550E-02  6.54614269E-05  1.55833159E-05
8.62721387E-02  5.78304641E-05  1.56005936E-05
8.65568221E-02  5.82739260E-05  1.55119791E-05
8.68415050E-02  6.15321982E-05  1.56011093E-05
8.71261875E-02  5.13322427E-05  1.55170267E-05
8.74108695E-02  6.66162422E-05  1.56247743E-05
8.76955512E-02  5.92245443E-05  1.56288380E-05
8.79802323E-02  6.14492594E-05  1.53972720E-05
8.82649131E-02  6.48958994E-05  1.55641392E-05
8.85495934E-02  5.21090052E-05  1.55114889E-05
8.88342733E-02  7.31394852E-05  1.52066564E-05
8.91189528E-02  8.27270983E-05  1.55305840E-05
8.94036318E-02  6.26519968E-05  1.54760709E-05
8.96883103E-02  5.91104983E-05  1.55542804E-05
8.99729885E-02  6.13610324E-05  1.53359467E-05
9.02576662E-02  6.84869447E-05  1.54315532E-05
9.05423434E-02  6.16672584E-05  1.54375589E-05
9.08270202E-02  8.16718941E-05  1.51190184E-05
9.11116965E-02  3.01385060E-05  1.54614050E-05
9.13963724E-02  5.05775468E-05  1.51186846E-05
9.16810479E-02  6.82737359E-05  1.52277951E-05
9.19657229E-02  5.50448825E-05  1.53928960E-05
9.22503974E-02  5.64032285E-05  1.51093129E-05
9.25350715E-02  3.02503971E-05  1.52261288E-05
9.28197451E-02  5.49862306E-05  1.51623150E-05
9.31044183E-02  5.31857633E-05  1.52064829E-05
9.33890910E-02  5.50587694E-05  1.51713708E-05
9.36737632E-02  3.31924600E-05  1.52033366E-05
9.39584350E-02  4.76911593E-05  1.51662717E-05
9.42431063E-02  3.31477255E-05  1.51860719E-05
9.45277772E-02  6.81732993E-05  1.51557983E-05
9.48124476E-02  5.03845224E-05  1.51035832E-05
9.50971175E-02  5.18968081E-05  1.51361710E-05
9.53817870E-02  3.24432716E-05  1.51361473E-05
9.56664560E-02  3.18025804E-05  1.49398855E-05
9.59511245E-02  2.96666773E-05  1.51778352E-05
9.62357925E-02  5.16574596E-05  1.50156070E-05
9.65204601E-02  7.16591460E-05  1.49994368E-05
9.68051272E-02  3.36647012E-05  1.49235904E-05
9.70897938E-02  6.50265377E-05  1.51301920E-05
9.73744599E-02  4.33415749E-05  1.49562733E-05
9.76591256E-02  3.88421429E-05  1.50241678E-05
9.79437908E-02  2.03629099E-05  1.46945000E-05
9.82284555E-02  3.93006495E-05  1.46950573E-05
9.85131197E-02  6.98159878E-05  1.46295138E-05
9.87977834E-02  4.47005585E-05  1.46881652E-05
9.90824466E-02  2.15427209E-05  1.47877660E-05
9.93671094E-02  5.54273641E-05  1.47710249E-05
9.96517716E-02  3.41334626E-05  1.46387479E-05
9.99364334E-02  5.02297632E-05  1.44394482E-05
1.00221095E-01  5.23772414E-05  1.44966293E-05
1.00505755E-01  5.50012251E-05  1.44296718E-05
1.00790416E-01  6.86830888E-05  1.45186339E-05
1.01075076E-01  5.31025675E-05  1.43806688E-05
1.01359735E-01  2.39567722E-05  1.45407966E-05
1.01644394E-01  4.31889955E-05  1.46447600E-05
1.01929052E-01  4.17970965E-05  1.45513719E-05
1.02213710E-01  4.37598825E-05  1.46229816E-05
1.02498367E-01  3.51040336E-05  1.44850801E-05
1.02783024E-01  4.92774385E-05  1.44575018E-05
1.03067680E-01  3.54234538E-05  1.45163276E-05
1.03352336E-01  5.26750083E-05  1.45559632E-05
1.03636991E-01  3.67005259E-05  1.45800704E-05
1.03921646E-01  5.36537642E-05  1.44517549E-05
1.04206300E-01  1.87776722E-05  1.46026739E-05
1.04490954E-01  3.36325809E-05  1.46033349E-05
1.04775607E-01  3.46161965E-05  1.44495717E-05
1.05060260E-01  4.03039059E-05  1.45138987E-05
1.05344912E-01  7.64956418E-06  1.45027221E-05
1.05629563E-01  6.86738415E-05  1.45201422E-05
1.05914214E-01  3.14723697E-05  1.43204949E-05
1.06198865E-01  3.19823187E-05  1.45233809E-05
1.06483515E-01  4.85331472E-05  1.42578873E-05
1.06768165E-01  3.18686200E-05  1.43501272E-05
1.07052814E-01  1.99820692E-05  1.43656258E-05
1.07337462E-01  2.80741437E-05  1.42532745E-05
1.07622110E-01  3.68325555E-05  1.43918432E-05
1.07906758E-01  4.66388877E-05  1.43398577E-05
1.08191405E-01  5.06330859E-05  1.43353894E-05
1.08476051E-01  1.29005012E-05  1.42272726E-05
1.08760697E-01  5.53004900E-05  1.43255792E-05
1.09045342E-01  3.30566499E-05  1.42793294E-05
1.09329987E-01  1.51644420E-05  1.41272018E-05
1.09614631E-01  3.17842130E-05  1.42966378E-05
1.09899275E-01  5.17241120E-05  1.42021201E-05
1.10183918E-01  2.57914634E-05  1.42305065E-05
1.10468560E-01  2.90671479E-05  1.43325163E-05
1.10753202E-01  3.67021325E-05  1.40796548E-05
1.11037844E-01  4.87241657E-05  1.41990286E-05
1.11322485E-01  4.09740478E-05  1.42188144E-05
1.11607125E-01  4.04288917E-05  1.42112610E-05
1.11891765E-01  2.01084181E-05  1.42184932E-05
1.12176405E-01  2.76209595E-05  1.41016599E-05
1.12461043E-01  2.55206656E-05  1.43159670E-05
1.12745681E-01  3.30169748E-05  1.40173581E-05
1.13030319E-01  3.85243340E-05  1.40259481E-05
1.13314956E-01  2.95662620E-05  1.39954633E-05
1.13599593E-01  3.28887805E-05  1.40947158E-05
1.13884229E-01  5.88773386E-05  1.41937626E-05
1.14168864E-01  1.87673531E-05  1.39093491E-05
1.14453499E-01  2.11654542E-05  1.40948087E-05
1.14738133E-01  1.21342136E-05  1.39740552E-05
1.15022767E-01  2.37094548E-05  1.39247574E-05
1.15307400E-01  1.81648897E-05  1.43830727E-05
1.15592033E-01  3.42097792E-05  1.43364036E-05
1.15876665E-01  1.92243347E-05  1.46736908E-05
1.16161296E-01  4.19267655E-05  1.46551050E-05
1.16445927E-01  5.74531973E-05  1.49085707E-05
1.16730557E-01  5.18738591E-05  1.48424545E-05
1.17015187E-01  2.85525010E-05  1.49479877E-05
1.17299816E-01  4.89283699E-05  1.53617272E-05
1.17584445E-01  2.44801198E-05  1.46751645E-05
1.17869073E-01  4.73807451E-05  1.46345198E-05
1.18153700E-01  1.00901101E-05  1.45956647E-05
1.18438327E-01  1.35278555E-05  1.45629445E-05
1.18722953E-01  4.99528850E-05  1.44761541E-05
1.19007579E-01  2.08080396E-05  1.43153465E-05
1.19292204E-01  3.95495019E-05  1.43818498E-05
1.19576828E-01  9.41504555E-06  1.44060282E-05
1.19861452E-01  2.57257560E-05  1.42662601E-05
1.20146076E-01  2.00907161E-05  1.44168156E-05
1.20430698E-01  9.62741094E-06  1.40709914E-05
1.20715320E-01  3.53736152E-05  1.42042332E-05
1.20999942E-01  4.25697096E-06  1.40976274E-05
1.21284563E-01  1.58604113E-05  1.41781265E-05
1.21569183E-01  3.32162336E-05  1.41916184E-05
1.21853803E-01  4.56801081E-05  1.40332489E-05
1.22138422E-01  4.84996767E-05  1.41957352E-05
1.22423040E-01  4.18197178E-05  1.41184009E-05
1.22707658E-01  3.30557056E-05  1.40803533E-05
1.22992276E-01  2.59972055E-05  1.40036493E-05
1.23276892E-01  2.53763262E-05  1.39947486E-05
1.23561508E-01  2.84392667E-05  1.39711060E-05
1.23846124E-01  2.03980614E-05  1.38794070E-05
1.24130739E-01  5.27775929E-06  1.38840003E-05
1.24415353E-01  4.37836606E-05  1.38870322E-05
1.24699967E-01  1.26423739E-05  1.39917737E-05
1.24984580E-01  2.04592761E-05  1.39457123E-05
1.25269192E-01  4.25505311E-05  1.37357629E-05
1.25553804E-01  3.33764578E-05  1.38594263E-05
1.25838415E-01  2.60104797E-05  1.37882580E-05
1.26123026E-01  9.69881573E-07  1.37398626E-05
1.26407636E-01  3.38784965E-05  1.35877058E-05
1.26692245E-01  1.49479356E-05  1.37116205E-05
1.26976854E-01  1.72579565E-05  1.37788256E-05
1.27261462E-01  4.25604840E-05  1.35201501E-05
1.27546069E-01  2.48449582E-05  1.37773456E-05
1.27830676E-01  1.96596013E-05  1.40191411E-05
1.28115282E-01  1.14114053E-07  1.42958383E-05
1.28399888E-01  -7.89130319E-06  1.44761296E-05
1.28684493E-01  2.39830861E-05  1.44023507E-05
1.28969097E-01  3.21698863E-05  1.46670584E-05
1.29253701E-01  3.64714742E-05  1.46013330E-05
1.29538304E-01  2.41893417E-05  1.49814578E-05
1.29822906E-01  -1.45982727E-05  1.48952619E-05
1.30107508E-01  2.65762115E-05  1.48161978E-05
1.30392109E-01  1.92135244E-05  1.49847452E-05
1.30676709E-01  2.61642901E-05  1.50885450E-05
1.30961309E-01  1.94623299E-05  1.51279788E-05
1.31245908E-01  1.28496010E-05  1.50512223E-05
1.31530507E-01  1.90587718E-05  1.51295129E-05
1.31815105E-01  1.83139851E-05  1.53421239E-05
1.32099702E-01  1.01746710E-05  1.51163697E-05
1.32384298E-01  3.91157735E-05  1.51407567E-05
1.32668894E-01  5.82428708E-06  1.48067587E-05
1.32953490E-01  2.96894929E-05  1.43257510E-05
1.33238084E-01  5.60115186E-05  1.42122451E-05
1.33522678E-01  2.81412078E-05  1.40893170E-05
1.33807271E-01  2.50927192E-05  1.39581346E-05
1.34091864E-01  2.97214680E-05  1.38834464E-05
1.34376456E-01  4.05175315E-05  1.37198011E-05
1.34661047E-01  1.69428005E-05  1.33742369E-05
1.34945638E-01  2.23925585E-05  1.33991238E-05
1.35230228E-01  2.81260789E-05  1.33980498E-05
1.35514817E-01  -1.87489704E-06  1.35230557E-05
1.35799406E-01  1.75486234E-05  1.34766785E-05
1.36083994E-01  2.26197813E-05  1.33169785E-05
1.36368581E-01  1.65538710E-05  1.33916884E-05
1.36653168E-01  2.24925388E-05  1.34983220E-05
1.36937754E-01  2.80047990E-05  1.34917254E-05
1.37222339E-01  3.67308067E-05  1.34283411E-05
1.37506924E-01  3.22479419E-05  1.33684237E-05
1.37791507E-01  2.44531062E-05  1.34874829E-05
1.38076091E-01  3.53661091E-05  1.33911357E-05
1.38360673E-01  4.38272502E-05  1.33057846E-05
1.38645255E-01  1.28633533E-05  1.34189246E-05
1.38929836E-01  2.79868586E-05  1.33570907E-05
1.39214417E-01  5.46812980E-06  1.34549062E-05
1.39498997E-01  1.34713223E-05  1.33239195E-05
1.39783576E-01  1.12635672E-05  1.32824376E-05
1.40068154E-01  2.95073940E-05  1.33381563E-05
1.40352732E-01  5.41740123E-06  1.32273723E-05
1.40637309E-01  1.34523893E-05  1.33930567E-05
1.40921886E-01  1.67256093E-05  1.31699796E-05
1.41206461E-01  9.47650425E-06  1.33527141E-05
1.41491036E-01  2.16515780E-05  1.32158203E-05
1.41775610E-01  1.58906222E-05  1.32357513E-05
1.42060184E-01  2.13379951E-05  1.33327949E-05
1.42344757E-01  -1.96861892E-06  1.31328149E-05
1.42629329E-01  5.74144943E-07  1.32913774E-05
1.42913901E-01  -4.60591256E-06  1.31365593E-05
1.43198471E-01  3.00573304E-05  1.31426691E-05
1.43483042E-01  2.71902854E-05  1.33155156E-05
1.43767611E-01  3.17300302E-05  1.31176026E-05
1.44052180E-01  1.42937559E-06  1.31720028E-05
1.44336747E-01  3.42341863E-05  1.30313580E-05
1.44621315E-01  5.46266512E-06  1.31830766E-05
1.44905881E-01  6.57778510E-06  1.31607284E-05
1.45190447E-01  3.67838995E-05  1.30794166E-05
1.45475012E-01  2.37472623E-05  1.31579294E-05
1.45759577E-01  1.15049841E-05  1.30552536E-05
1.46044140E-01  -7.58297641E-06  1.31038392E-05
1.46328703E-01  1.55733468E-05  1.30272617E-05
1.46613265E-01  2.30465328E-05  1.29446486E-05
1.46897827E-01  1.21495360E-07  1.30614245E-05
1.47182388E-01  1.91090468E-05  1.29620781E-05
1.47466948E-01  2.17369352E-05  1.30580806E-05
1.47751507E-01  9.00104461E-06  1.30080294E-05
1.48036066E-01  4.26973231E-05  1.28694122E-05
1.48320623E-01  2.88210231E-05  1.30284654E-05
1.48605181E-01  1.90864275E-05  1.28174327E-05
1.48889737E-01  3.82442989E-05  1.29550043E-05
1.49174293E-01  1.68306756E-06  1.28210182E-05
1.49458848E-01  1.70453060E-05  1.28853242E-05
1.49743402E-01  1.85844962E-05  1.28920017E-05
1.50027955E-01  3.98832478E-06  1.28020678E-05
1.50312508E-01  2.21906825E-05  1.28748712E-05
1.50597060E-01  2.77458616E-05  1.27431318E-05
1.50881611E-01  1.15574864E-05  1.28795077E-05
1.51166162E-01  1.93198389E-06  1.28389808E-05
1.51450711E-01  1.11805996E-05  1.28722141E-05
1.51735260E-01  3.38495995E-05  1.27089476E-05
1.52019809E-01  1.76364451E-05  1.26650039E-05
1.52304356E-01  1.32823689E-05  1.26314348E-05
1.52588903E-01  2.57637031E-05  1.27052509E-05
1.52873449E-01  2.31753909E-05  1.26652828E-05
1.53157994E-01  2.23235777E-06  1.27202410E-05
1.53442539E-01  -1.68924183E-06  1.26067605E-05
1.53727082E-01  4.14929834E-05  1.27467414E-05
1.54011625E-01  2.66376856E-05  1.26456809E-05
1.54296168E-01  2.88633371E-05  1.25680583E-05
1.54580709E-01  -4.93129712E-06  1.25585108E-05
1.54865250E-01  -9.26325075E-06  1.27071065E-05
1.55149790E-01  4.70468246E-06  1.26692507E-05
1.55434329E-01  1.59020601E-05  1.24915008E-05
1.55718867E-01  5.27594439E-05  1.25484655E-05
1.56003405E-01  2.65876356E-05  1.25295342E-05
1.56287942E-01  3.96237898E-05  1.26018244E-05
1.56572478E-01  -1.50726301E-06  1.25870344E-05
1.56857013E-01  1.74134640E-05  1.24993322E-05
1.57141548E-01  -5.94322113E-06  1.26435937E-05
1.57426082E-01  4.53650388E-06  1.25402978E-05
1.57710615E-01  2.11697424E-05  1.24605205E-05
1.57995147E-01  1.26250359E-05  1.25324128E-05
1.58279678E-01  3.18051929E-05  1.25190335E-05
1.58564209E-01  2.79290216E-05  1.25798833E-05
1.58848739E-01  2.45629953E-05  1.23300367E-05
1.59133268E-01  3.45724145E-05  1.24804269E-05
1.59417796E-01  2.58417587E-05  1.24985200E-05
1.59702324E-01  3.23773830E-05  1.25652498E-05
1.59986851E-01  1.94519920E-06  1.24616716E-05
1.60271377E-01  5.86051540E-07  1.21257172E-05
1.60555902E-01  2.50793840E-05  1.21888071E-05
1.60840426E-01  1.34652451E-05  1.22066058E-05
1.61124950E-01  2.58460329E-05  1.23278989E-05
1.61409473E-01  1.16106011E-05  1.23215590E-05
1.61693995E-01  2.06073828E-05  1.22239683E-05
1.61978516E-01  2.54047044E-05  1.24354477E-05
1.62263036E-01  2.18149727E-05  1.23324085E-05
1.62547556E-01  1.69497968E-05  1.23570420E-05
1.62832075E-01  -1.44947019E-05  1.24915423E-05
1.63116593E-01  3.79537422E-06  1.23851610E-05
1.63401110E-01  2.94555761E-05  1.24229445E-05
1.63685626E-01  -5.43543006E-06  1.22343343E-05
1.63970142E-01  1.64785112E-05  1.22530719E-05
1.64254657E-01  8.12612333E-06  1.22934440E-05
1.64539170E-01  2.26893865E-05  1.23182699E-05
1.64823684E-01  1.46085018E-05  1.22755767E-05
1.65108196E-01  2.65865584E-05  1.22870149E-05
1.65392708E-01  2.00120498E-05  1.22482000E-05
1.65677218E-01  3.43449925E-05  1.22767141E-05
1.65961728E-01  1.66709874E-05  1.22043890E-05
1.66246237E-01  2.01762907E-05  1.22201334E-05
1.66530746E-01  1.62844257E-06  1.22852867E-05
1.66815253E-01  1.07822108E-05  1.22846015E-05
1.67099760E-01  2.03679369E-05  1.22903157E-05
1.67384265E-01  -2.07680207E-06  1.21388506E-05
1.67668770E-01  1.27602487E-05  1.21573661E-05
1.67953275E-01  1.18478625E-05  1.22737814E-05
1.68237778E-01  2.02063929E-06  1.22948542E-05
1.68522280E-01  1.70249997E-05  1.21391420E-05
1.68806782E-01  1.27659351E-05  1.21593799E-05
1.69091283E-01  9.40116204E-06  1.19869100E-05
1.69375783E-01  2.20859102E-05  1.21172738E-05
1.69660282E-01  5.04574548E-06  1.19182442E-05
1.69944780E-01  1.89613469E-05  1.19250993E-05
1.70229278E-01  1.52506716E-05  1.19862263E-05
1.70513774E-01  7.36840759E-06  1.19108112E-05
1.70798270E-01  1.62578400E-05  1.20238628E-05
1.71082765E-01  -3.82903327E-06  1.19175306E-05
1.71367259E-01  1.95336310E-06  1.20030669E-05
1.71651753E-01  -6.74701296E-06  1.20626174E-05
1.71936245E-01  1.05502471E-05  1.19382946E-05
1.72220737E-01  1.98057001E-05  1.20226800E-05
1.72505227E-01  5.92492941E-06  1.18969969E-05
1.72789717E-01  7.07405954E-06  1.19409042E-05
1.73074206E-01  3.13470286E-05  1.19792980E-05
1.73358695E-01  1.43274745E-05  1.18510732E-05
1.73643182E-01  9.82124356E-06  1.20365604E-05
1.73927668E-01  6.34598761E-06  1.18060795E-05
1.74212154E-01  7.67464222E-06  1.18701595E-05
1.74496639E-01  3.84244862E-05  1.19285622E-05
1.74781123E-01  2.02752403E-05  1.18107787E-05
1.75065606E-01  3.26546447E-05  1.19618860E-05
1.75350088E-01  2.83256063E-05  1.18407367E-05
1.75634569E-01  1.68118125E-05  1.18639597E-05
1.75919050E-01  -1.15014328E-05  1.17675455E-05
1.76203529E-01  -2.06885555E-06  1.18777331E-05
1.76488008E-01  1.54964560E-05  1.19502494E-05
1.76772486E-01  2.15403216E-05  1.17678442E-05
1.77056963E-01  -3.29690100E-07  1.18852465E-05
1.77341439E-01  2.59442993E-05  1.18028724E-05
1.77625914E-01  1.60890031E-05  1.18263758E-05
1.77910389E-01  6.56367253E-06  1.19054723E-05
1.78194862E-01  -5.02772507E-06  1.17615850E-05
1.78479335E-01  1.70604855E-05  1.18379750E-05
1.78763806E-01  9.44953756E-06  1.18532478E-05
1.79048277E-01  2.32209881E-05  1.19196318E-05
1.79332747E-01  1.89537157E-05  1.18526808E-05
1.79617216E-01  -4.84418554E-06  1.17352929E-05
1.79901685E-01  2.72121690E-05  1.17371520E-05
1.80186152E-01  4.70885660E-06  1.18526795E-05
1.80470618E-01  2.31389169E-05  1.18346325E-05
1.80755084E-01  -7.65188703E-06  1.17858517E-05
1.81039548E-01  -7.43536408E-06  1.18035282E-05
1.81324012E-01  1.85552254E-05  1.18463804E-05
1.81608475E-01  1.62943269E-05  1.17716315E-05
1.81892937E-01  2.24669775E-06  1.17309755E-05
1.82177398E-01  -4.07897594E-06  1.18108628E-05
1.82461858E-01  -3.53826376E-06  1.18032915E-05
1.82746318E-01  1.73738268E-05  1.17454899E-05
1.83030776E-01  1.48304137E-05  1.17557863E-05
1.83315233E-01  2.21338648E-05  1.16862733E-05
1.83599690E-01  2.98982137E-05  1.17535226E-05
1.83884146E-01  -1.14401234E-05  1.16633592E-05
1.84168600E-01  2.85951540E-06  1.17567661E-05
1.84453054E-01  1.21828427E-05  1.16646466E-05
1.84737507E-01  -1.05194828E-06  1.16992603E-05
1.85021959E-01  2.10419523E-05  1.17667145E-05
1.85306410E-01  8.97918530E-06  1.16641822E-05
1.85590861E-01  6.38861128E-06  1.16408379E-05
1.85875310E-01  8.54228441E-06  1.16270696E-05
1.86159758E-01  2.30607574E-05  1.16022744E-05
1.86444206E-01  -7.63634811E-06  1.15642947E-05
1.86728652E-01  1.00028479E-05  1.14118899E-05
1.87013098E-01  6.65845527E-06  1.14123990E-05
1.87297543E-01  -1.58947341E-05  1.15999142E-05
1.87581986E-01  9.73432416E-06  1.15380441E-05
1.87866429E-01  1.30736293E-05  1.16177621E-05
1.88150871E-01  1.95020184E-05  1.19367058E-05
1.88435312E-01  8.89352195E-06  1.19611360E-05
1.88719752E-01  -3.09953961E-06  1.22469219E-05
1.89004191E-01  4.32633771E-06  1.21929417E-05
1.89288630E-01  -8.08063819E-06  1.23543610E-05
1.89573067E-01  1.91321442E-05  1.23969052E-05
1.89857503E-01  1.17827942E-05  1.23552881E-05
1.90141939E-01  3.34995049E-05  1.25358356E-05
1.90426373E-01  5.26854044E-06  1.24220144E-05
1.90710807E-01  1.77428836E-05  1.24703091E-05
1.90995239E-01  -4.47786386E-06  1.25376122E-05
1.91279671E-01  1.77201583E-05  1.25367435E-05
1.91564102E-01  3.11183335E-05  1.26150749E-05
1.91848531E-01  -8.87498094E-06  1.26251342E-05
1.92132960E-01  1.89446018E-05  1.27136259E-05
1.92417388E-01  1.34493545E-05  1.25746309E-05
1.92701815E-01  1.06476023E-05  1.26611964E-05
1.92986241E-01  2.60711562E-05  1.24651993E-05
1.93270666E-01  2.06746316E-05  1.20942927E-05
1.93555090E-01  3.39003302E-06  1.20247845E-05
1.93839513E-01  2.62369274E-05  1.19347252E-05
1.94123936E-01  1.17937209E-05  1.18967155E-05
1.94408357E-01  -2.75706162E-06  1.17965555E-05
1.94692777E-01  -6.62686745E-07  1.18757680E-05
1.94977196E-01  -8.06953153E-06  1.17827440E-05
1.95261615E-01  3.49704060E-06  1.17724357E-05
1.95546032E-01  1.41460212E-05  1.18002284E-05
1.95830449E-01  2.02111499E-05  1.17241253E-05
1.96114864E-01  -7.07132052E-06  1.17476885E-05
1.96399279E-01  -9.34337297E-07  1.17069075E-05
1.96683692E-01  1.85497508E-05  1.16530690E-05
1.96968105E-01  2.00657223E-05  1.17423318E-05
1.97252516E-01  1.68812314E-05  1.15857662E-05
1.97536927E-01  1.03389483E-05  1.15938393E-05
1.97821336E-01  -1.56444108E-05  1.16997624E-05
1.98105745E-01  -1.38898210E-06  1.16193242E-05
1.98390153E-01  1.96007802E-05  1.17169317E-05
1.98674560E-01  5.33334617E-06  1.15071329E-05
1.98958965E-01  -2.45103239E-07  1.16488095E-05
1.99243370E-01  -2.55393374E-06  1.15464887E-05
1.99527774E-01  4.43522869E-06  1.16288039E-05
1.99812177E-01  1.38629904E-05  1.15704723E-05
2.00096578E-01  1.13868111E-05  1.15500270E-05
2.00380979E-01  -2.25598727E-05  1.15832579E-05
2.00665379E-01  2.65992866E-05  1.14739296E-05
2.00949778E-01  1.78549465E-05  1.14893994E-05
2.01234176E-01  -1.45482680E-05  1.14097990E-05
2.01518573E-01  8.37360296E-06  1.14731551E-05
2.01802969E-01  9.11045457E-06  1.16300206E-05
2.02087364E-01  2.37193773E-05  1.14253545E-05
2.02371757E-01  9.25288679E-06  1.14462218E-05
2.02656150E-01  -1.21601983E-05  1.14673794E-05
2.02940542E-01  -6.89119620E-06  1.14753496E-05
2.03224933E-01  1.09023193E-05  1.15615010E-05
2.03509323E-01  -7.86505028E-06  1.14056341E-05
2.03793712E-01  1.70911157E-05  1.13662912E-05
2.04078100E-01  -1.53576877E-05  1.12550011E-05
2.04362487E-01  1.01216684E-05  1.12530576E-05
2.04646873E-01  -2.10782159E-06  1.12849631E-05
2.04931258E-01  3.24339994E-06  1.12148487E-05
2.05215641E-01  -7.89948798E-07  1.13220382E-05
2.05500024E-01  -9.08204284E-06  1.12724541E-05
2.05784406E-01  1.68917322E-05  1.12768518E-05
2.06068787E-01  2.96593715E-06  1.12337025E-05
2.06353167E-01  1.17073302E-05  1.11978699E-05
2.06637546E-01  -1.86296816E-06  1.13125717E-05
2.06921923E-01  1.07115022E-05  1.11897630E-05
2.07206300E-01  5.92635653E-06  1.12105700E-05
2.07490676E-01  2.17155173E-06  1.11961470E-05
2.07775051E-01  1.05802459E-05  1.12394924E-05
2.08059424E-01  2.90771841E-06  1.13207575E-05
2.08343797E-01  1.32446098E-05  1.11428442E-05
2.08628169E-01  -1.47467843E-05  1.12753064E-05
2.08912539E-01  6.04427814E-06  1.11646362E-05
2.09196909E-01  1.03532059E-05  1.12291344E-05
2.09481277E-01  6.61745962E-06  1.12106730E-05
2.09765645E-01  1.15132130E-05  1.11944985E-05
2.10050011E-01  -2.28084224E-06  1.12663340E-05
2.10334377E-01  3.14053381E-06  1.11717824E-05
2.10618741E-01  1.88087281E-06  1.12594018E-05
2.10903105E-01  5.09548230E-06  1.11457872E-05
2.11187467E-01  -1.79442449E-05  1.11755559E-05
2.11471828E-01  -1.37618074E-06  1.12455688E-05
2.11756189E-01  -7.94463558E-06  1.11418853E-05
2.12040548E-01  -1.07699474E-05  1.11930334E-05
2.12324906E-01  9.06630836E-06  1.11333130E-05
2.12609263E-01  -4.78814994E-06  1.11653014E-05
2.12893619E-01  -4.06814769E-06  1.11580295E-05
2.13177974E-01  1.81919164E-05  1.11454367E-05
2.13462328E-01  -3.45372340E-06  1.11016842E-05
2.13746681E-01  6.99432427E-06  1.10680609E-05
2.14031033E-01  -2.44011006E-06  1.12075091E-05
2.14315384E-01  -3.47935305E-06  1.10631579E-05
2.14599734E-01  8.66558917E-06  1.11221002E-05
2.14884083E-01  1.25225620E-05  1.12347437E-05
2.15168430E-01  -8.18281153E-06  1.10740348E-05
2.15452777E-01  1.73760765E-05  1.10600714E-05
2.15737123E-01  5.10705377E-06  1.10237775E-05
2.16021467E-01  2.46447622E-06  1.11530731E-05
2.16305811E-01  -1.04560864E-05  1.11215536E-05
2.16590153E-01  8.45041634E-06  1.09609685E-05
2.16874494E-01  -1.83769698E-06  1.10629643E-05
2.17158834E-01  -4.25677821E-06  1.09684318E-05
2.17443174E-01  1.99376475E-05  1.10663126E-05
2.17727512E-01  9.13628694E-06  1.10706319E-05
2.18011849E-01  -6.68121179E-06  1.10022338E-05
2.18296185E-01  -1.56588772E-05  1.10796450E-05
2.18580520E-01  6.16108366E-06  1.09927933E-05
2.18864853E-01  1.19462289E-05  1.10322188E-05
2.19149186E-01  -2.65661611E-06  1.10609036E-05
2.19433518E-01  1.86452004E-05  1.09854636E-05
2.19717848E-01  2.20489865E-05  1.11315759E-05
2.20002178E-01  -3.30705100E-06  1.09104626E-05
2.20286506E-01  -5.00482037E-06  1.09583996E-05
2.20570834E-01  1.82500481E-05  1.07789348E-05
2.20855160E-01  -4.00887988E-06  1.06842320E-05
2.21139485E-01  -8.27247371E-07  1.08007070E-05
2.21423809E-01  -2.13637116E-06  1.05482537E-05
2.21708132E-01  -2.31045699E-06  1.06977091E-05
2.21992454E-01  5.58194380E-06  1.07566448E-05
2.22276775E-01  -8.58875467E-06  1.07578639E-05
2.22561094E-01  -4.30861331E-06  1.07802696E-05
2.22845413E-01  6.08669950E-06  1.06734105E-05
2.23129730E-01  1.30888065E-05  1.07410072E-05
2.23414047E-01  9.76308927E-07  1.07119553E-05
2.23698362E-01  3.91638296E-06  1.07736254E-05
2.23982676E-01  1.44815087E-05  1.06917896E-05
2.24266989E-01  -6.05291545E-06  1.07734729E-05
2.24551301E-01  1.04839470E-05  1.07968383E-05
2.24835612E-01  1.86955704E-05  1.07401859E-05
2.25119922E-01  1.35552797E-05  1.07887254E-05
2.25404231E-01  -4.03240730E-06  1.07607550E-05
2.25688538E-01  1.45023258E-05  1.07717178E-05
2.25972845E-01  1.30118522E-05  1.07869274E-05
2.26257150E-01  1.68586709E-05  1.07600178E-05
2.26541454E-01  -3.19994044E-06  1.07539311E-05
2.26825757E-01  1.23189982E-05  1.07797934E-05
2.27110059E-01  4.55024767E-06  1.07741387E-05
2.27394360E-01  2.82649811E-06  1.07601737E-05
2.27678660E-01  6.65293021E-06  1.06889675E-05
2.27962959E-01  -2.49998837E-06  1.08590837E-05
2.28247256E-01  8.35817358E-07  1.07185740E-05
2.28531553E-01  1.73641557E-05  1.07872317E-05
2.28815848E-01  1.70590014E-05  1.06518283E-05
2.29100142E-01  5.31977446E-06  1.07285622E-05
2.29384435E-01  -6.10564903E-06  1.07462224E-05
2.29668727E-01  1.38469750E-05  1.07077129E-05
2.29953018E-01  6.29574848E-06  1.07076903E-05
2.30237307E-01  -7.10582672E-06  1.06782112E-05
2.30521596E-01  -1.63455252E-06  1.07177327E-05
2.30805883E-01  -4.88743809E-06  1.06767171E-05
2.31090169E-01  2.15474880E-05  1.07169383E-05
2.31374455E-01  2.25238092E-07  1.06999087E-05
2.31658739E-01  -2.24408386E-05  1.06611072E-05
2.31943021E-01  -1.12887303E-05  1.07071139E-05
2.32227303E-01  1.16282944E-05  1.06423901E-05
2.32511584E-01  8.32379630E-06  1.05918977E-05
2.32795863E-01  2.85783128E-06  1.07547115E-05
2.33080141E-01  -1.74979584E-05  1.05813277E-05
2.33364418E-01  -1.91129892E-06  1.06624576E-05
2.33648694E-01  4.80731205E-06  1.06205947E-05
2.33932969E-01  1.18290895E-06  1.06179283E-05
2.34217243E-01  9.79786009E-06  1.06439295E-05
2.34501515E-01  -7.63212399E-06  1.06166597E-05
2.34785786E-01  6.79312770E-06  1.06650324E-05
2.35070057E-01  1.24914256E-05  1.05752339E-05
2.35354326E-01  1.73892884E-05  1.05728320E-05
2.35638594E-01  1.20349503E-05  1.05967487E-05
2.35922860E-01  1.99107825E-05  1.06039890E-05
2.36207126E-01  -9.82111198E-06  1.06267431E-05
2.36491390E-01  9.76207302E-06  1.05376414E-05
2.36775653E-01  -1.14587600E-05  1.06150342E-05
2.37059915E-01  1.24434520E-05  1.05755478E-05
2.37344176E-01  8.10657163E-07  1.05998898E-05
2.37628436E-01  -4.76819251E-06  1.05440860E-05
2.37912695E-01  -3.01961962E-06  1.05774445E-05
2.38196952E-01  -2.90130011E-09  1.05257329E-05
2.38481208E-01  5.81911970E-06  1.05022926E-05
2.38765463E-01  1.30467947E-05  1.03600241E-05
2.39049717E-01  2.08162364E-05  1.03997315E-05
2.39333970E-01  9.49895106E-06  1.04535147E-05
2.39618221E-01  -1.15341156E-05  1.04051652E-05
2.39902472E-01  -3.58238861E-06  1.04059587E-05
2.40186721E-01  2.38341212E-06  1.03972658E-05
2.40470969E-01  3.95121339E-06  1.04409673E-05
2.40755216E-01  9.30107297E-06  1.04484464E-05
2.41039461E-01  1.67715813E-05  1.04497136E-05
2.41323706E-01  -1.12439141E-05  1.04221566E-05
2.41607949E-01  -6.68465600E-06  1.04856529E-05
2.41892191E-01  -1.13404974E-05  1.03963999E-05
2.42176432E-01  1.04395969E-05  1.04548353E-05
2.42460671E-01  1.03910675E-05  1.03879612E-05
2.42744910E-01  1.03384711E-05  1.04726161E-05
2.43029147E-01  -6.90850189E-06  1.04529151E-05
2.43313383E-01  -1.27863806E-05  1.03393999E-05
2.43597618E-01  5.01947225E-08  1.04841880E-05
2.43881852E-01  -1.19194970E-06  1.03558491E-05
2.44166084E-01  -1.26671739E-05  1.05080733E-05
2.44450316E-01  7.35389349E-06  1.04626472E-05
2.44734546E-01  -5.07046061E-06  1.03308552E-05
2.45018775E-01  1.80223832E-06  1.04629462E-05
2.45303002E-01  1.36101687E-05  1.03680419E-05
2.45587229E-01  1.75853292E-06  1.03862485E-05
2.45871454E-01  -2.36047822E-05  1.03588676E-05
2.46155678E-01  4.49888054E-07  1.04120226E-05
2.46439901E-01  1.03829846E-06  1.04637328E-05
2.46724122E-01  -5.67353443E-06  1.03114085E-05
2.47008343E-01  -4.55932361E-06  1.03756873E-05
2.47292562E-01  4.13138392E-06  1.03491359E-05
2.47576780E-01  8.62385117E-06  1.03553313E-05
2.47860997E-01  1.19800511E-05  1.03678971E-05
2.48145212E-01  2.02579434E-06  1.01947274E-05
2.48429427E-01  -1.82386848E-06  1.04089852E-05
2.48713640E-01  -5.57811232E-06  1.06380130E-05
2.48997852E-01  1.44528923E-05  1.07235066E-05
2.49282062E-01  1.68885405E-05  1.09124530E-05
2.49566272E-01  -4.79198130E-06  1.08683092E-05
2.49850480E-01  1.57118201E-05  1.10319344E-05
2.50134687E-01  -9.18127017E-06  1.09433827E-05
2.50418893E-01  -7.68908221E-07  1.10131485E-05
2.50703097E-01  1.98800651E-05  1.10341567E-05
2.50987300E-01  -9.39360137E-06  1.10754355E-05
2.51271502E-01  -3.66955814E-06  1.11494665E-05
2.51555703E-01  1.03859265E-05  1.10405877E-05
2.51839903E-01  1.56705515E-05  1.10869871E-05
2.52124101E-01  9.11324064E-06  1.11129196E-05
2.52408298E-01  8.20699814E-06  1.11748207E-05
2.52692494E-01  6.35790245E-06  1.11988611E-05
2.52976689E-01  8.12807938E-07  1.10979155E-05
2.53260882E-01  1.63829385E-05  1.13209176E-05
2.53545074E-01  1.54992923E-05  1.11894924E-05
2.53829265E-01  -1.36109148E-05  1.11880134E-05
2.54113455E-01  7.28992126E-06  1.11896842E-05
2.54397643E-01  2.11017884E-05  1.12662749E-05
2.54681830E-01  2.63161527E-05  1.13882253E-05
2.54966016E-01  2.30572818E-05  1.13641654E-05
2.55250201E-01  -1.84367576E-06  1.12878588E-05
2.55534384E-01  5.77943795E-06  1.12379731E-05
2.55818566E-01  1.46756945E-05  1.13017932E-05
2.56102747E-01  9.22883779E-06  1.16127495E-05
2.56386926E-01  -1.80412277E-05  1.16470771E-05
2.56671105E-01  1.41924858E-05  1.18832025E-05
2.56955282E-01  -7.14632842E-06  1.19939402E-05
2.57239458E-01  5.96748263E-06  1.22615112E-05
2.57523632E-01  9.24067377E-06  1.23060992E-05
2.57807805E-01  7.93427360E-06  1.23846751E-05
2.58091977E-01  -1.04815597E-05  1.25607961E-05
2.58376148E-01  1.55541066E-05  1.25800266E-05
2.58660318E-01  1.36349172E-05  1.27697227E-05
2.58944486E-01  9.18041793E-06  1.27012316E-05
2.59228653E-01  -2.09289153E-05  1.28918996E-05
2.59512818E-01  -1.62175336E-06  1.31832999E-05
2.59796983E-01  1.86239188E-06  1.30515963E-05
2.60081146E-01  -5.49269885E-06  1.32745552E-05
2.60365308E-01  1.75359201E-05  1.32517847E-05
2.60649468E-01  1.68619119E-05  1.34128477E-05
2.60933627E-01  1.43957662E-05  1.35928574E-05
2.61217785E-01  -4.97819015E-06  1.33942833E-05
2.61501942E-01  -4.31883246E-06  1.36313209E-05
2.61786097E-01  1.24976422E-05  1.34636282E-05
2.62070252E-01  1.81862690E-07  1.36761943E-05
2.62354404E-01  -1.18342495E-06  1.37415357E-05
2.62638556E-01  -1.21029332E-06  1.37730607E-05
2.62922706E-01  -9.00501337E-07  1.38099381E-05
2.63206855E-01  3.17317659E-05  1.37044899E-05
2.63491003E-01  1.08385177E-05  1.39630554E-05
2.63775149E-01  -1.39388053E-05  1.39826731E-05
2.64059294E-01  4.11785784E-06  1.41369066E-05
2.64343438E-01  -2.04238155E-05  1.42082630E-05
2.64627580E-01  -9.84109793E-06  1.40359833E-05
2.64911722E-01  2.93640607E-05  1.41201011E-05
2.65195861E-01  6.44090916E-06  1.40195879E-05
2.65480000E-01  -2.05191073E-05  1.41479487E-05
2.65764137E-01  7.78557033E-06  1.42487017E-05
2.66048273E-01  -2.31959752E-05  1.40539264E-05
2.66332408E-01  2.49640250E-05  1.41692847E-05
2.66616541E-01  3.63625742E-06  1.42512223E-05
2.66900673E-01  4.08241845E-06  1.43405843E-05
2.67184804E-01  -7.42820867E-06  1.44180000E-05
2.67468933E-01  7.46222660E-06  1.43131676E-05
2.67753061E-01  1.42128885E-05  1.44560322E-05
2.68037188E-01  -2.50953155E-06  1.45577795E-05
2.68321313E-01  -6.07251989E-06  1.44638658E-05
2.68605438E-01  1.85969446E-05  1.44718217E-05
2.68889560E-01  -1.55718787E-05  1.45808185E-05
2.69173682E-01  7.94224279E-06  1.47013730E-05
2.69457802E-01  -3.86840631E-06  1.47177370E-05
2.69741921E-01  -9.33343214E-06  1.47068981E-05
2.70026038E-01  -3.94697713E-06  1.47905047E-05
2.70310154E-01  -1.38513444E-05  1.48217590E-05
2.70594269E-01  -6.70999510E-06  1.48674678E-05
2.70878383E-01  1.13899313E-05  1.48787197E-05
2.71162495E-01  -6.86182494E-06  1.49742589E-05
2.71446606E-01  -1.33559348E-06  1.49713172E-05
2.71730715E-01  1.75688320E-05  1.52131917E-05
2.72014824E-01  -1.49191153E-05  1.50264312E-05
2.72298930E-01  1.14753944E-05  1.51287736E-05
2.72583036E-01  -1.20460194E-05  1.52905212E-05
2.72867140E-01  3.04227454E-05  1.52962170E-05
2.73151243E-01  2.95246517E-07  1.53006266E-05
2.73435344E-01  -3.05249561E-06  1.51433668E-05
2.73719445E-01  1.57922379E-05  1.54928307E-05
2.74003543E-01  -4.28069665E-06  1.53200835E-05
2.74287641E-01  -2.01699699E-05  1.55660786E-05
2.74571737E-01  5.38877487E-06  1.54620985E-05
2.74855832E-01  3.17753932E-07  1.51783833E-05
2.75139925E-01  1.87556852E-05  1.55129428E-05
2.75424017E-01  -2.37045701E-05  1.54172020E-05
2.75708108E-01  7.62642775E-06  1.55162207E-05
2.75992197E-01  -8.92211861E-06  1.58446013E-05
2.76276285E-01  -3.86606067E-06  1.54502496E-05
2.76560372E-01  -1.83700682E-05  1.59169210E-05
2.76844457E-01  1.45296219E-05  1.55749944E-05
2.77128541E-01  1.80997989E-05  1.57242851E-05
2.77412623E-01  -1.05047023E-05  1.60354075E-05
2.77696705E-01  -1.19753625E-05  1.57333141E-05
2.77980784E-01  1.49986065E-05  1.60104668E-05
2.78264863E-01  -1.53246240E-06  1.58280657E-05
2.78548940E-01  1.73235883E-06  1.60974938E-05
2.78833016E-01  -2.48036061E-06  1.61062697E-05
2.79117090E-01  -1.28357053E-05  1.60406071E-05
2.79401163E-01  -1.83471272E-05  1.63533401E-05
2.79685234E-01  -1.14495483E-05  1.59484349E-05
2.79969305E-01  -2.46095674E-05  1.64556297E-05
2.80253374E-01  -2.32421557E-05  1.61949103E-05
2.80537441E-01  2.36005299E-05  1.63477685E-05
2.80821507E-01  2.46750958E-05  1.65363055E-05
2.81105572E-01  -3.77380603E-05  1.63740373E-05
2.81389635E-01  3.49213373E-05  1.65619267E-05
2.81673697E-01  -4.61846352E-06  1.64592468E-05
2.81957758E-01  7.78439863E-06  1.65974472E-05
2.82241817E-01  -1.75385938E-05  1.66593049E-05
2.82525875E-01  -4.99250430E-06  1.67314074E-05
2.82809931E-01  -7.37290155E-07  1.67026738E-05
2.83093986E-01  1.38384218E-05  1.66958869E-05
2.83378040E-01  -7.23416808E-06  1.69688868E-05
2.83662092E-01  -6.47258910E-06  1.67053726E-05
2.83946143E-01  -1.12541546E-05  1.69304073E-05
2.84230192E-01  -1.77259300E-06  1.70905184E-05
2.84514240E-01  -6.19722838E-06  1.69459850E-05
2.84798287E-01  9.12929647E-07  1.72636984E-05
2.85082332E-01  1.24701104E-05  1.68372689E-05
2.85366376E-01  1.93603817E-05  1.71934346E-05
2.85650418E-01  8.45320467E-06  1.71943486E-05
2.85934459E-01  3.25558028E-05  1.71275058E-05
2.86218499E-01  4.65577375E-05  1.74346555E-05
2.86502537E-01  -7.40105925E-06  1.71260356E-05
2.86786574E-01  -1.10963110E-06  1.73487634E-05
2.87070609E-01  1.33191834E-06  1.71239509E-05
2.87354643E-01  8.37717275E-06  1.74103206E-05
2.87638676E-01  -3.19086730E-05  1.75799448E-05
2.87922707E-01  -2.02096227E-05  1.71874251E-05
2.88206737E-01  1.73902288E-05  1.74682762E-05
2.88490765E-01  -1.43576412E-05  1.73814629E-05
2.88774792E-01  1.73480416E-05  1.74312257E-05
2.89058818E-01  7.09661683E-06  1.75528018E-05
2.89342842E-01  -1.42518773E-05  1.73438898E-05
2.89626864E-01  -1.20842556E-05  1.78487900E-05
2.89910886E-01  1.34454547E-05  1.72027488E-05
2.90194905E-01  -5.86539488E-06  1.76881154E-05
2.90478924E-01  1.38671091E-05  1.79431092E-05
2.90762941E-01  -1.25342552E-05  1.78260488E-05
2.91046956E-01  8.31787009E-06  1.81659720E-05
2.91330970E-01  -9.94082339E-06  1.76134974E-05
2.91614983E-01  -9.68515097E-06  1.79960139E-05
2.91898994E-01  -1.80120604E-06  1.81120401E-05
2.92183004E-01  1.68645612E-05  1.81094747E-05
2.92467012E-01  3.25121672E-05  1.83907958E-05
2.92751019E-01  -4.57562639E-07  1.79260497E-05
2.93035025E-01  6.62739426E-06  1.83962854E-05
2.93319029E-01  4.84429778E-05  1.82098371E-05
2.93603032E-01  -1.64077018E-05  1.83207724E-05
2.93887033E-01  -5.09798397E-05  1.83852726E-05
2.94171032E-01  2.35177074E-05  1.83112232E-05
2.94455031E-01  2.21790067E-05  1.84649022E-05
2.94739028E-01  4.98626699E-06  1.85297345E-05
2.95023023E-01  -1.31561787E-05  1.87450983E-05
2.95307017E-01  1.21093955E-05  1.84294344E-05
2.95591009E-01  -2.29930241E-05  1.86426618E-05
2.95875000E-01  -1.67384695E-05  1.88135451E-05
2.96158990E-01  8.79909238E-06  1.86790826E-05
2.96442978E-01  -1.40132512E-05  1.89773338E-05
2.96726965E-01  -4.62599342E-06  1.88321779E-05
2.97010950E-01  1.61938875E-05  1.89819675E-05
2.97294934E-01  1.59008807E-05  1.90279054E-05
2.97578916E-01  2.08289905E-05  1.89544285E-05
2.97862897E-01  2.05199955E-05  1.92594178E-05
2.98146876E-01  -6.44070450E-06  1.88917742E-05
2.98430854E-01  9.27277180E-07  1.93875168E-05
2.98714831E-01  -1.85604063E-05  1.90679507E-05
2.98998806E-01  7.46909645E-06  1.94825104E-05
2.99282779E-01  3.59288641E-05  1.96798578E-05
2.99566751E-01  -1.11352986E-05  1.90770887E-05
2.99850722E-01  -1.87047739E-05  1.97551272E-05
3.00134691E-01  1.64359458E-05  1.94036067E-05
3.00418658E-01  1.15747141E-05  1.98895576E-05
3.00702625E-01  -1.48847191E-05  2.01339697E-05
3.00986589E-01  -1.33799247E-05  1.95188803E-05
3.01270552E-01  2.87441581E-06  2.03304398E-05
3.01554514E-01  1.38615257E-05  1.97178038E-05
3.01838474E-01  -2.41784446E-05  2.03202920E-05
3.02122433E-01  1.31601498E-05  1.98582219E-05
3.02406390E-01  4.92588472E-06  2.00835869E-05
3.02690346E-01  1.10718578E-05  2.07734055E-05
3.02974300E-01  -2.15621786E-05  2.01005232E-05
3.03258253E-01  8.47866304E-06  2.03407870E-05
3.03542204E-01  -1.35014491E-06  2.03756798E-05
3.03826154E-01  -1.81880649E-05  2.07795075E-05
3.04110103E-01  2.82448881E-06  2.12014122E-05
3.04394049E-01  7.09130144E-06  2.04358520E-05
3.04677995E-01  1.87775065E-05  2.09210356E-05
3.04961939E-01  -5.98623605E-07  2.06639373E-05
3.05245881E-01  -1.57341905E-05  2.08056504E-05
3.05529822E-01  2.24180986E-05  2.12377821E-05
3.05813761E-01  1.94701502E-05  2.06758388E-05
3.06097699E-01  7.27323708E-06  2.12812892E-05
3.06381635E-01  3.69068817E-06  2.10589388E-05
3.06665570E-01  4.02476245E-05  2.13114882E-05
3.06949503E-01  -3.61472350E-05  2.13181344E-05
3.07233435E-01  1.45576389E-05  2.14161020E-05
3.07517366E-01  -2.53642053E-05  2.16112364E-05
3.07801294E-01  3.36850192E-05  2.12006590E-05
3.08085222E-01  -1.11668133E-05  2.16175934E-05
3.08369147E-01  8.35738983E-07  2.12099562E-05
3.08653072E-01  2.33014288E-05  2.18825461E-05
3.08936994E-01  2.43911607E-05  2.20479392E-05
3.09220916E-01  4.04322066E-05  2.16807565E-05
3.09504835E-01  2.99178733E-05  2.21854732E-05
3.09788754E-01  -1.44277457E-05  2.18093445E-05
3.10072670E-01  1.52737992E-05  2.23817165E-05
3.10356585E-01  -2.50289333E-05  2.22241969E-05
3.10640499E-01  1.56258494E-06  2.22581162E-05
3.10924411E-01  -5.51229056E-06  2.26693630E-05
3.11208322E-01  1.23304097E-05  2.19298427E-05
3.11492231E-01  -2.76842510E-06  2.27723692E-05
3.11776138E-01  -2.68447967E-06  2.24743039E-05
3.12060044E-01  -1.25169205E-05  2.29311772E-05
3.12343949E-01  -3.78519844E-05  2.29847224E-05
3.12627852E-01  -6.64212475E-06  2.24085800E-05
3.12911753E-01  5.66496635E-06  2.35334750E-05
3.13195653E-01  1.44805490E-05  2.27359272E-05
3.13479551E-01  1.36713158E-05  2.34656170E-05
3.13763448E-01  -4.61393676E-05  2.31634556E-05
3.14047343E-01  1.17063629E-05  2.35720938E-05
3.14331237E-01  3.26984659E-05  2.36885732E-05
3.14615129E-01  -2.72297178E-05  2.30435188E-05
3.14899020E-01  -2.59157962E-05  2.38795736E-05
3.15182909E-01  -8.01973493E-06  2.33600722E-05
3.15466796E-01  2.40795757E-05  2.38268937E-05
3.15750682E-01  2.78577167E-05  2.43938818E-05
3.16034566E-01  2.08525785E-06  2.34985805E-05
3.16318449E-01  -1.25388256E-05  2.45592105E-05
3.16602331E-01  6.65183438E-06  2.38781923E-05
3.16886210E-01  -7.26159301E-06  2.47151921E-05
3.17170089E-01  4.29675573E-05  2.47190202E-05
3.17453965E-01  -2.30653825E-05  2.43097456E-05
3.17737840E-01  6.87808231E-06  2.48031114E-05
3.18021714E-01  2.57815843E-05  2.42240429E-05
3.18305586E-01  6.39994662E-06  2.46531566E-05
3.18589456E-01  9.91026487E-07  2.43574924E-05
3.18873325E-01  -3.11710453E-05  2.42820086E-05
3.19157192E-01  2.28444712E-05  2.51599871E-05
3.19441058E-01  -8.37000529E-06  2.42577782E-05
3.19724922E-01  -1.93482793E-05  2.49279867E-05
3.20008785E-01  -1.59061220E-05  2.43789430E-05
3.20292646E-01  -2.62470066E-05  2.47223362E-05
3.20576505E-01  -2.40211494E-06  2.52773976E-05
3.20860363E-01  2.15168556E-05  2.43567120E-05
3.21144219E-01  5.91054032E-06  2.53785044E-05
3.21428074E-01  9.71244170E-06  2.43802490E-05
3.21711927E-01  4.57322691E-05  2.54168989E-05
3.21995778E-01  -2.67324079E-05  2.52502414E-05
3.22279628E-01  -5.65721010E-06  2.55054139E-05
3.22563477E-01  1.94247806E-05  2.60067286E-05
3.22847324E-01  6.47753753E-07  2.49114220E-05
3.23131169E-01  -7.62594291E-06  2.60793637E-05
3.23415012E-01  3.46377860E-05  2.56158894E-05
3.23698854E-01  -2.71642788E-06  2.63267156E-05
3.23982695E-01  -6.18181965E-06  2.64355566E-05
3.24266534E-01  -4.81012647E-05  2.56345123E-05
3.24550371E-01  3.77344236E-06  2.70305063E-05
3.24834207E-01  -5.41564823E-06  2.62547600E-05
3.25118041E-01  -1.98331893E-05  2.67883513E-05
3.25401873E-01  4.10262648E-05  2.69627579E-05
3.25685704E-01  3.41858806E-05  2.63306699E-05
3.25969533E-01  -5.66163981E-05  2.78863591E-05
3.26253361E-01  1.84707032E-05  2.65468371E-05
3.26537187E-01  4.55388427E-05  2.75300553E-05
3.26821012E-01  -9.23005432E-06  2.73913163E-05
3.27104835E-01  -1.58381983E-05  2.75983195E-05
3.27388656E-01  -9.30887505E-06  2.83765231E-05
3.27672475E-01  2.66611787E-05  2.68231585E-05
3.27956293E-01  6.44996957E-05  2.91322904E-05
3.28240110E-01  3.40232260E-05  2.75263405E-05
3.28523925E-01  -2.21752297E-05  2.85428831E-05
3.28807738E-01  2.04525996E-05  2.89989160E-05
3.29091550E-01  -1.15859338E-05  2.78755625E-05
3.29375360E-01  2.33298876E-05  2.94444363E-05
3.29659168E-01  -2.26853434E-06  2.81886768E-05
3.29942975E-01  9.75064366E-06  2.93077047E-05
3.30226780E-01  -2.12403229E-05  2.87485912E-05
3.30510583E-01  -1.18771357E-05  2.90954788E-05
3.30794385E-01  2.84003329E-05  3.01765732E-05
3.31078186E-01  -2.75190347E-05  2.85006158E-05
3.31361984E-01  9.64528225E-06  3.03893016E-05
3.31645781E-01  -3.19226931E-05  2.95105130E-05
3.31929577E-01  -1.19755622E-05  3.00374967E-05
3.32213370E-01  -3.98663159E-05  3.11406624E-05
3.32497163E-01  2.40144549E-05  2.93696484E-05
3.32780953E-01  4.29284087E-06  3.20164388E-05
3.33064742E-01  8.91527552E-06  2.99249785E-05
3.33348529E-01  1.35538849E-05  3.14893931E-05
3.33632315E-01  2.35386635E-05  3.20443765E-05
3.33916099E-01  5.41060164E-05  3.08634391E-05
3.34199881E-01  2.02902342E-05  3.34839909E-05
3.34483662E-01  1.30936998E-05  3.07941493E-05
3.34767441E-01  1.82869864E-05  3.28787393E-05
3.35051218E-01  -2.92456661E-05  3.22458264E-05
3.35334994E-01  -2.60512718E-05  3.29984232E-05
3.35618768E-01  -4.20592619E-05  3.41953800E-05
3.35902541E-01  5.72373236E-05  3.14716167E-05
3.36186311E-01  5.60282991E-05  3.41825292E-05
3.36470081E-01  8.42819665E-06  3.28648581E-05
3.36753848E-01  -3.68528114E-05  3.38998426E-05
3.37037614E-01  -1.16996614E-05  3.47078853E-05
3.37321378E-01  -4.12214324E-05  3.32221899E-05
3.37605141E-01  4.21272047E-05  3.59554877E-05
3.37888902E-01  8.87653380E-06  3.39089883E-05
3.38172661E-01  2.26243358E-06  3.61850661E-05
3.38456418E-01  2.99901980E-06  3.48926183E-05
3.38740174E-01  1.10552571E-05  3.60278679E-05
3.39023929E-01  3.75078506E-05  3.80179630E-05
3.39307681E-01  -5.23838167E-05  3.41995984E-05
3.39591432E-01  1.00083440E-05  3.76105029E-05
3.39875181E-01  6.07306077E-05  3.65062109E-05
3.40158929E-01  5.04976808E-05  3.75266003E-05
3.40442675E-01  -6.00248783E-08  4.06537181E-05
3.40726419E-01  -4.47586316E-05  3.53157472E-05
3.41010162E-01  -1.46545275E-04  3.99140767E-05
3.41293903E-01  -1.31222935E-05  3.63996183E-05
3.41577642E-01  -5.33426507E-05  3.97937945E-05
3.41861380E-01  -3.12300822E-05  3.98360715E-05
3.42145115E-01  -8.64791397E-06  3.87822859E-05
3.42428850E-01  -6.96113777E-07  4.31029287E-05
3.42712582E-01  2.26596248E-05  3.86055151E-05
3.42996313E-01  2.24194784E-05  4.25642693E-05
3.43280042E-01  -1.20651353E-05  4.01723485E-05
3.43563770E-01  4.95707367E-05  4.20790983E-05
3.43847495E-01  5.73511333E-05  4.54192040E-05
3.44131220E-01  -8.55097773E-05  3.84202462E-05
3.44414942E-01  4.06367951E-05  4.78856616E-05
3.44698663E-01  3.93478269E-05  4.14754050E-05
3.44982382E-01  5.89544290E-05  4.72124428E-05
3.45266099E-01  -2.01284123E-05  4.51917971E-05
3.45549815E-01  -2.23974840E-05  4.50158240E-05
3.45833529E-01  -3.48340583E-05  5.01959388E-05
3.46117241E-01  5.70884349E-06  4.39150450E-05
3.46400952E-01  9.27971720E-05  4.94688353E-05
3.46684661E-01  -7.81560323E-05  4.59199366E-05
3.46968368E-01  -8.87040603E-05  5.00468229E-05
3.47252073E-01  -2.23719362E-05  5.43923786E-05
3.47535777E-01  2.14000459E-05  4.68763834E-05
3.47819479E-01  -8.06833141E-05  5.43554155E-05
3.48103179E-01  4.36811711E-05  5.00468224E-05
3.48386878E-01  -1.06897373E-05  5.51459581E-05
3.48670575E-01  -7.46693782E-05  5.72546843E-05
3.48954270E-01  4.92676495E-05  5.07897521E-05
3.49237964E-01  -5.61448661E-05  6.09426232E-05
3.49521656E-01  3.85039758E-05  5.30415159E-05
3.49805346E-01  -1.16709261E-04  6.14464848E-05
3.50089034E-01  -2.52900261E-05  5.87589585E-05
3.50372721E-01  -6.91970478E-05  6.27479753E-05
3.50656406E-01  -5.33601958E-06  6.70658408E-05


### HEADER:
#
#{
#    "Notes": "", 
#    "analysis": {
#        "guinier": {
#            "I0": "0.000273366727897", 
#            "I0_autorg_err": "1.301E-06", 
#            "I0_err": 4.7766479138943285e-06, 
#            "I0_est_err": -1, 
#            "I0_fit_err": 4.7766479138943285e-06, 
#            "Rg": "27.7032844265", 
#            "Rg_autorg_err": "0.1686", 
#            "Rg_err": 0.8030382833366735, 
#            "Rg_est_err": -1, 
#            "Rg_fit_err": 0.8030382833366735, 
#            "nEnd": 152, 
#            "nStart": 35, 
#            "qEnd": "0.04755", 
#            "qRg_max": "1.3173418499873928", 
#            "qRg_min": "0.39442196042571753", 
#            "qStart": "0.01424", 
#            "rsq": "0.7716819260476416"
#        }
#    }, 
#    "calibration_params": {
#        "Beam_Center_X": 899.524331353, 
#        "Beam_Center_Y": 873.713390045, 
#        "Detector_Pixel_Size": 0.172, 
#        "Radial_Average_Method": "RAW", 
#        "Sample-to-detector distance (mm)": 3673.35170219, 
#        "Wavelength (A)": 1.03320164497
#    }, 
#    "config_file": "/nas_data/Pilatus1M/2019_Run3/20191030Hopkins/20191106Workshop/SAXS.cfg", 
#    "counters": {
#        "Coflow_on": "True", 
#        "D_hutch_shutter_open": "True", 
#        "Date": "2019-11-08 22:24:36.204799", 
#        "Exposure time/frame (s)": "0.5", 
#        "Exposure_period/frame_s": "1.0", 
#        "File_prefix": "TS13_027", 
#        "Flow rate (ml/min)": "0.7", 
#        "Front_end_shutter_open": "True", 
#        "I0_gain": "1e+05", 
#        "I1_gain": "1e+06", 
#        "I2_gain": "1e+04", 
#        "I3_gain": "1e+03", 
#        "Instrument": "BioCAT (Sector 18, APS)", 
#        "Number_of_frames": "1900", 
#        "Outlet_flow_rate_mL/min": "1.4", 
#        "Save_directory": "/nas_data/2019_Run3/20191030Hopkins/20191108Sosnick/TS13", 
#        "Sheath_excess_ratio": "2.1", 
#        "Sheath_inlet_flow_rate_including_excess_mL/min": "1.47", 
#        "Sheath_ratio": "0.5", 
#        "Wait_for_trigger": "False"
#    }, 
#    "filename": "S_A_TS13_027_1125.dat", 
#    "history": {
#        "subtraction": {
#            "initial_file": [
#                "A_TS13_027_1125.tif", 
#                {
#                    "averaged_files": [
#                        [
#                            "TS13_027_1125.tif"
#                        ], 
#                        [
#                            "TS13_027_1126.tif"
#                        ], 
#                        [
#                            "TS13_027_1127.tif"
#                        ], 
#                        [
#                            "TS13_027_1128.tif"
#                        ], 
#                        [
#                            "TS13_027_1129.tif"
#                        ], 
#                        [
#                            "TS13_027_1130.tif"
#                        ], 
#                        [
#                            "TS13_027_1131.tif"
#                        ], 
#                        [
#                            "TS13_027_1132.tif"
#                        ], 
#                        [
#                            "TS13_027_1133.tif"
#                        ], 
#                        [
#                            "TS13_027_1134.tif"
#                        ], 
#                        [
#                            "TS13_027_1135.tif"
#                        ], 
#                        [
#                            "TS13_027_1136.tif"
#                        ], 
#                        [
#                            "TS13_027_1137.tif"
#                        ], 
#                        [
#                            "TS13_027_1138.tif"
#                        ], 
#                        [
#                            "TS13_027_1139.tif"
#                        ], 
#                        [
#                            "TS13_027_1140.tif"
#                        ], 
#                        [
#                            "TS13_027_1141.tif"
#                        ], 
#                        [
#                            "TS13_027_1142.tif"
#                        ], 
#                        [
#                            "TS13_027_1143.tif"
#                        ], 
#                        [
#                            "TS13_027_1144.tif"
#                        ], 
#                        [
#                            "TS13_027_1145.tif"
#                        ], 
#                        [
#                            "TS13_027_1146.tif"
#                        ], 
#                        [
#                            "TS13_027_1147.tif"
#                        ], 
#                        [
#                            "TS13_027_1148.tif"
#                        ], 
#                        [
#                            "TS13_027_1149.tif"
#                        ], 
#                        [
#                            "TS13_027_1150.tif"
#                        ], 
#                        [
#                            "TS13_027_1151.tif"
#                        ]
#                    ]
#                }
#            ], 
#            "subtracted_file": [
#                "A_TS13_027_1058.tif", 
#                {
#                    "averaged_files": [
#                        [
#                            "TS13_027_1058.tif"
#                        ], 
#                        [
#                            "TS13_027_1059.tif"
#                        ], 
#                        [
#                            "TS13_027_1060.tif"
#                        ], 
#                        [
#                            "TS13_027_1061.tif"
#                        ], 
#                        [
#                            "TS13_027_1062.tif"
#                        ], 
#                        [
#                            "TS13_027_1063.tif"
#                        ], 
#                        [
#                            "TS13_027_1064.tif"
#                        ], 
#                        [
#                            "TS13_027_1065.tif"
#                        ], 
#                        [
#                            "TS13_027_1066.tif"
#                        ], 
#                        [
#                            "TS13_027_1067.tif"
#                        ], 
#                        [
#                            "TS13_027_1068.tif"
#                        ], 
#                        [
#                            "TS13_027_1069.tif"
#                        ], 
#                        [
#                            "TS13_027_1070.tif"
#                        ], 
#                        [
#                            "TS13_027_1071.tif"
#                        ], 
#                        [
#                            "TS13_027_1072.tif"
#                        ], 
#                        [
#                            "TS13_027_1073.tif"
#                        ], 
#                        [
#                            "TS13_027_1074.tif"
#                        ], 
#                        [
#                            "TS13_027_1075.tif"
#                        ], 
#                        [
#                            "TS13_027_1076.tif"
#                        ], 
#                        [
#                            "TS13_027_1077.tif"
#                        ], 
#                        [
#                            "TS13_027_1078.tif"
#                        ], 
#                        [
#                            "TS13_027_1079.tif"
#                        ], 
#                        [
#                            "TS13_027_1080.tif"
#                        ], 
#                        [
#                            "TS13_027_1081.tif"
#                        ], 
#                        [
#                            "TS13_027_1082.tif"
#                        ], 
#                        [
#                            "TS13_027_1083.tif"
#                        ], 
#                        [
#                            "TS13_027_1084.tif"
#                        ], 
#                        [
#                            "TS13_027_1085.tif"
#                        ], 
#                        [
#                            "TS13_027_1086.tif"
#                        ], 
#                        [
#                            "TS13_027_1087.tif"
#                        ]
#                    ]
#                }
#            ]
#        }
#    }, 
#    "imageHeader": {
#        "Count_cutoff": "1157021 counts", 
#        "Excluded_pixels": "badpix_mask.tif", 
#        "Exposure_period": "1.0025000 s", 
#        "Exposure_time": "1.0000000 s", 
#        "Flat_field": "FF_p10-0130_E12000_T6000_vrf_m0p100.tif", 
#        "Gain_setting": "autog (vrf = 1.000)", 
#        "Image_path": "/ramdisk/20191108Sosnick/TS13/", 
#        "N_excluded_pixels": "35", 
#        "Pixel_size": "172e-6 m x 172e-6 m", 
#        "Ratecorr_lut_directory": "ContinuousStandard_v1.1", 
#        "Retrigger_mode": "1", 
#        "Silicon": "sensor, thickness 0.000450 m", 
#        "Tau": "0 s", 
#        "Threshold_setting": "6000 eV", 
#        "Trim_file": "p10-0130_E12000_T6000.bin"
#    }, 
#    "metadata": {
#        "Detector": "Pilatus3 X 1M"
#    }, 
#    "normalizations": {
#        "Absolute_scale": {
#            "Absolute_scale_factor": 31.13372113799222, 
#            "Ignore_background": true, 
#            "Sample_thickness_[mm]": 1.0
#        }, 
#        "Counter_norms": [
#            [
#                "/", 
#                "I1"
#            ]
#        ], 
#        "Solid_Angle_Correction": "On"
#    }, 
#    "raw_version": "1.6.3"
#}

