0.00365561	130.15485714287934	114.65968657270487
0.00396024	288.1090476190511	90.14211010141779
0.00426487	324.9524761904904	61.90340957100435
0.00456949	284.1686666666719	52.61035102564501
0.00487412	266.3751428571413	43.37687074405731
0.00517875	216.30028571428556	37.72768656116392
0.00548338	209.91580952381628	33.04162130887895
0.00578801	195.52961904761833	28.124571705413775
0.00609264	203.11238095238878	26.380997937562025
0.00639727	252.06885714286	23.258156947512624
0.0067019	160.6906666666673	20.335691647892848
0.00700653	171.49329523809683	19.02248393028329
0.00731116	184.6471238095237	16.517290670247732
0.00761579	188.98215238095327	15.84244790888785
0.00792042	175.99720952381085	14.082271464035196
0.00822505	157.93714285714395	12.883419012582761
0.00852968	157.88129523809584	12.229861670108201
0.00883431	175.20660000000044	11.121834197028605
0.00913894	178.91052380952488	10.45624997253679
0.00944357	169.95381904761962	9.570974910224397
0.0097482	155.1781619047615	9.046431462283598
0.0100528	149.62278095238116	8.569379502901318
0.0103575	177.83069523809536	7.850612317342819
0.0106621	153.75333333333356	7.488113976139227
0.0109667	162.07226666666747	7.026081048131048
0.0112713	151.83333333333348	6.636597774375707
0.011576	146.3406476190478	6.306324267532206
0.0118806	159.04311428571418	5.855472935690247
0.0121852	156.55925714285718	5.689846503692816
0.0124899	149.32666666666637	5.355257981979801
0.0127945	146.4839142857145	5.127208056847294
0.0130991	153.7366000000004	4.838916276689401
0.0134038	152.1378666666667	4.600382598112392
0.0137084	148.10670000000027	4.450042894868418
0.014013	152.4809238095237	4.249561041530323
0.0143176	148.48371904761905	4.057415629164429
0.0146223	150.9062114285715	3.903835213898084
0.0149269	147.39869047619038	3.7243902490609644
0.0152315	156.52793809523814	3.6217867361671945
0.0155362	148.8353561904762	3.464867686194035
0.0158408	150.57379523809527	3.3297797588797144
0.0161454	150.12851238095232	3.2344770861504633
0.01645	148.5026571428573	3.1163881610667064
0.0167547	149.07431523809544	3.0015937407275737
0.0170593	143.11966571428587	2.8946414308553976
0.0173639	143.93383428571434	2.833595851143657
0.0176686	142.00332095238082	2.737141141299999
0.0179732	146.30590857142857	2.6763901162983763
0.0182778	147.29059523809525	2.647185574882166
0.0185825	141.20909619047626	2.635782279282223
0.0188871	144.38763142857152	2.6059783600915263
0.0191917	146.63136380952392	2.5711369510691595
0.0194963	144.33075619047622	2.5043865235313865
0.019801	143.03885333333335	2.4665194115407676
0.0201056	139.76042761904762	2.430146518195165
0.0204102	141.54770380952374	2.397338276539908
0.0207149	142.03275523809526	2.3561716481138535
0.0210195	141.242339047619	2.306343529474902
0.0213241	141.8702676190477	2.284279933956397
0.0216287	138.6244533333334	2.245413960194106
0.0219334	134.03219714285717	2.2015761747378995
0.022238	137.9270028571429	2.168107234902226
0.0225426	138.95881619047617	2.1485319092634025
0.0228473	138.1083095238095	2.114220887151251
0.0231519	136.42826571428571	2.0839956702838847
0.0234565	137.095000952381	2.0307549165870187
0.0237612	133.06847333333337	2.0096435334836755
0.0240658	135.130242857143	1.994127642452983
0.0243704	134.54318952380964	1.9743685614856383
0.024675	134.94794666666672	1.9172818144445356
0.0249797	133.00916952380956	1.9060152241693205
0.0252843	132.26622476190482	1.9084523772140185
0.0255889	133.3308133333334	1.8646805682500527
0.0258936	130.0490571428572	1.8590608485658418
0.0261982	133.55876285714294	1.7943284890500795
0.0265028	129.75697428571428	1.8103850808882367
0.0268075	129.73547333333332	1.798089328656657
0.0271121	128.62534095238095	1.7628496727420482
0.0274167	127.55000857142855	1.7602379832848762
0.0277213	124.46588857142856	1.7061754675559149
0.028026	125.49640000000002	1.7103695080430714
0.0283306	126.18758952380952	1.7194112446043037
0.0286352	123.57550857142857	1.6579724221943652
0.0289399	123.74871809523808	1.6827232710962994
0.0292445	123.3359923809524	1.639112005864985
0.0295491	122.784079047619	1.6329861096082794
0.0298537	119.9035085714286	1.60070587592865
0.0301584	122.62679619047617	1.5799513705959516
0.030463	122.26849047619052	1.5879023010763074
0.0307676	122.29217238095242	1.5603972870101859
0.0310723	121.46291523809526	1.5476892518844276
0.0313769	119.58902380952384	1.5125589179698111
0.0316815	119.49438761904767	1.500910500161989
0.0319862	119.24839904761902	1.4995065205275064
0.0322908	117.89622761904764	1.4728991605411554
0.0325954	115.88708000000003	1.4523922049644806
0.0329	117.91755142857144	1.4574690362634277
0.0332047	116.69722952380954	1.4378793255760438
0.0335093	115.41668761904765	1.432869461981819
0.0338139	113.7915904761905	1.3909841438968056
0.0341186	112.68608571428575	1.4137568168871824
0.0344232	112.48712285714288	1.3834495810605025
0.0347278	111.10765714285715	1.3977913047833357
0.0350324	113.2410523809524	1.3856303814439106
0.0353371	110.79022571428575	1.3680627536313494
0.0356417	110.90500190476195	1.3579975828608377
0.0359463	110.56079523809525	1.3507800639914165
0.036251	107.34388285714283	1.3480067512958862
0.0365556	108.39758095238095	1.332801143377415
0.0368602	107.90530380952384	1.3360126151004554
0.0371649	108.04565333333335	1.3274222385442886
0.0374695	106.52698380952381	1.3008979066448005
0.0377741	104.10312095238103	1.3084633442055287
0.0380787	104.52402095238097	1.293990284013469
0.0383834	105.19065142857144	1.300375559960114
0.038688	103.09112000000003	1.2876523574351046
0.0389926	101.44315523809526	1.2617302355164888
0.0392973	104.58464571428576	1.2932265744110654
0.0396019	101.06767047619049	1.2565645487228905
0.0399065	99.7696828571429	1.2561227911406216
0.0402112	99.07473809523815	1.2525759157619354
0.0405158	98.52368952380955	1.2361838704213473
0.0408204	98.63981619047625	1.2479287476138796
0.041125	100.50757523809527	1.226680141472202
0.0414297	96.34961714285717	1.223077719302364
0.0417343	98.20376380952385	1.2229320412630766
0.0420389	96.90331809523816	1.2060493843809794
0.0423436	94.05265047619046	1.2140816400301018
0.0426482	94.81893904761905	1.1960069962537323
0.0429528	93.08453523809524	1.2031664364015977
0.0432574	91.53692761904766	1.2133392961348213
0.0435621	91.35411809523808	1.2354462659093743
0.0438667	91.82217428571433	1.2522477166406478
0.0441713	90.01590857142861	1.231840055315508
0.044476	90.86695333333333	1.258781652144988
0.0447806	89.1023619047619	1.2356031239686365
0.0450852	92.3595923809524	1.2674071781998884
0.0453899	86.63850761904764	1.2461778155602377
0.0456945	87.37143999999998	1.2562831863491963
0.0459991	85.58681809523814	1.2556345798707937
0.0463037	86.15000571428575	1.253010381466992
0.0466084	84.85690666666669	1.2586841434448686
0.046913	84.52561333333334	1.2536153725609076
0.0472176	83.64553142857142	1.2534340603954826
0.0475223	82.89109047619048	1.2621784866791304
0.0478269	82.08189571428578	1.2519706074059362
0.0481315	79.39848476190475	1.2534026713631974
0.0484361	81.49702857142859	1.24751143250439
0.0487408	81.26334761904765	1.257297891489084
0.0490454	78.00749714285716	1.243379477506044
0.04935	78.00115809523814	1.2415118766667383
0.0496547	78.36590999999999	1.2533106889449284
0.0499593	78.29581238095241	1.2317170749084816
0.0502639	77.08112952380954	1.2412625177029004
0.0505686	75.32901761904768	1.2202151049597323
0.0508732	75.07577333333334	1.2204237481074065
0.0511778	76.220260952381	1.2297834633693265
0.0514824	72.81164761904765	1.2181300463044888
0.0517871	77.27031571428569	1.234333399707546
0.0520917	71.66258761904766	1.1896029157110695
0.0523963	71.58380761904768	1.2025808907536202
0.052701	73.24631904761901	1.2209173031848588
0.0530056	70.58274904761906	1.1962584626791029
0.0533102	69.83616238095239	1.2010883295611134
0.0536149	71.66761047619046	1.1825864054474724
0.0539195	69.71807761904763	1.1984838776924402
0.0542241	68.74280761904762	1.1870104493606937
0.0545287	67.6513919047619	1.1675634664603056
0.0548334	68.3864866666667	1.1928040947944132
0.055138	67.93867761904761	1.1710511255036313
0.0554426	68.4413538095238	1.186533499176375
0.0557473	67.1659423809524	1.1582611038307644
0.0560519	64.367280952381	1.1640793928482198
0.0563565	65.11202857142855	1.1556829273100833
0.0566611	63.60039095238098	1.1562956781008586
0.0569658	65.01815857142859	1.167151669364838
0.0572704	62.34652761904765	1.1415168022940263
0.057575	64.89547571428575	1.1568340107475912
0.0578797	61.405917142857135	1.1442515035163559
0.0581843	60.597592857142885	1.1359890890149962
0.0584889	60.58884190476189	1.142924323369991
0.0587936	60.50798095238096	1.1258403973369167
0.0590982	59.8154519047619	1.1386840968085536
0.0594028	61.52101523809526	1.1260522836824427
0.0597074	59.45439999999999	1.1228134494007576
0.0600121	57.88634857142857	1.1210929615582061
0.0603167	59.15994047619047	1.1161398465183943
0.0606213	58.14384857142859	1.1228785421048357
0.060926	57.731342380952384	1.1048377075846028
0.0612306	55.756256666666715	1.104079087494349
0.0615352	53.80942095238096	1.1037560530578636
0.0618398	55.197384761904786	1.093453343284435
0.0621445	53.68497714285715	1.0996948189079523
0.0624491	54.70259000000003	1.0931953855772518
0.0627537	53.87543238095239	1.097268103352609
0.0630584	54.27500142857143	1.0983221533885255
0.063363	51.42978619047619	1.0713134665734967
0.0636676	53.81281000000003	1.0849963374756302
0.0639723	51.2074628571429	1.0699889063031565
0.0642769	52.29965571428569	1.0814847463212605
0.0645815	51.26054142857143	1.0757269604710218
0.0648861	51.551557619047614	1.0693584257977549
0.0651908	47.386427619047595	1.061123888730103
0.0654954	49.02120714285715	1.0555440701864955
0.0658	49.84148952380956	1.0699917806481563
0.0661047	49.9470861904762	1.0603518506834
0.0664093	47.58389	1.0499714339314257
0.0667139	46.37759952380955	1.0512264006578378
0.0670186	45.151032857142866	1.0400188495608529
0.0673232	48.04559142857144	1.0547925738119412
0.0676278	44.16369761904761	1.0287061220180622
0.0679324	43.46188190476194	1.0333196338876145
0.0682371	45.9909295238095	1.0377996829759746
0.0685417	42.960002857142854	1.0224986920312695
0.0688463	44.5412442857143	1.0321236533375011
0.069151	42.21466142857142	1.0172383828849156
0.0694556	44.522889523809496	1.030629942907733
0.0697602	44.162823333333336	1.0211915829328213
0.0700648	42.31278047619054	1.016081248400152
0.0703695	43.89307285714284	1.025500650580131
0.0706741	42.52594380952384	1.007114895988442
0.0709787	42.970245714285724	1.0207931480348784
0.0712834	41.89864571428569	1.0018149948533215
0.071588	40.80481952380953	1.0069878760230078
0.0718926	43.41189523809527	1.0133498123760856
0.0721973	41.524576190476225	1.0047705031403156
0.0725019	38.20990714285715	0.998085816415851
0.0728065	39.49570619047621	0.9889733110222162
0.0731111	38.820549523809504	0.9877654539831815
0.0734158	38.424522857142875	0.9966281373946623
0.0737204	37.962414761904796	0.9832120569514402
0.074025	38.30181571428571	0.9871206245387656
0.0743297	38.037821428571434	0.9773746838743456
0.0746343	37.8516042857143	0.9830409334971892
0.0749389	36.832082857142865	0.9775595110508788
0.0752435	36.43984952380954	0.9678996556848253
0.0755482	35.75478238095239	0.9762857986580669
0.0758528	35.276853809523786	0.9654551546672265
0.0761574	37.41401285714288	0.9732757570561293
0.0764621	35.57003571428572	0.9611631614519393
0.0767667	33.52285952380953	0.9604627051926664
0.0770713	34.192787142857156	0.9565381007863899
0.077376	35.0653938095238	0.9652710875482959
0.0776806	35.032801428571446	0.9610862791067463
0.0779852	32.16592666666668	0.9410764446519687
0.0782898	33.38488904761907	0.9577321033261338
0.0785945	31.745592380952388	0.9674912125124525
0.0788991	31.866404761904747	0.9466197641452962
0.0792037	33.43721761904766	0.9497001511935891
0.0795084	32.002630952380954	0.9370883405881113
0.079813	31.42621095238097	0.9485026565269787
0.0801176	30.166127619047643	0.9299741331386746
0.0804222	29.57769285714288	0.9335508816554203
0.0807269	29.723395714285715	0.9274178532714195
0.0810315	31.604489999999984	0.935999634327533
0.0813361	28.54517285714286	0.9298771646170789
0.0816408	30.36614047619048	0.9198576343381238
0.0819454	29.54164333333334	0.9289973530633511
0.08225	29.241200000000006	0.921557516313813
0.0825547	26.99788380952384	0.9176467837951642
0.0828593	30.33685142857145	0.9601880333798969
0.0831639	29.445613809523806	0.9630717078087851
0.0834685	27.781909999999996	0.9839119765593918
0.0837732	26.913712380952376	0.9880584344255899
0.0840778	28.10426047619046	0.9937322552818971
0.0843824	28.06993523809524	1.0072017198670002
0.0846871	28.27865571428576	1.0080568498010787
0.0849917	26.102916190476208	1.021397977049933
0.0852963	25.940962380952385	1.0144909255092052
0.085601	25.882570952380988	1.0290099352489508
0.0859056	24.393169047619068	1.029255118207591
0.0862102	26.38126666666669	1.023773857192028
0.0865148	25.759698571428586	1.040397146541414
0.0868195	26.12481095238097	1.0314485746646378
0.0871241	25.154386666666667	1.039238647945242
0.0874287	24.64778142857142	1.036213478436772
0.0877334	25.182698571428602	1.039250500409368
0.088038	24.18179809523808	0.9947095967329651
0.0883426	24.609698095238087	0.965906341320966
0.0886472	23.752034761904753	0.9639755696125015
0.0889519	25.454580476190486	0.9532219242825656
0.0892565	22.80823761904763	0.9393542317664897
0.0895611	23.10409523809524	0.9285959883487085
0.0898658	22.872362857142875	0.9178382141914968
0.0901704	23.071612380952374	0.9246206936136807
0.090475	22.439952380952406	0.9010423032840267
0.0907797	22.346630952380963	0.907950513980519
0.0910843	22.12787857142858	0.9070100037891371
0.0913889	22.44431952380954	0.8963126815825846
0.0916935	22.41653523809525	0.902844225423227
0.0919982	22.20477095238097	0.8872425204041509
0.0923028	21.836811428571437	0.901237419146088
0.0926074	21.21313190476191	0.8893895455544638
0.0929121	20.757468095238096	0.8829560413937516
0.0932167	21.87160047619048	0.8909001701185238
0.0935213	21.77558523809526	0.8806571793649991
0.0938259	20.675596190476213	0.8825740707403872
0.0941306	20.79433714285716	0.878345075844009
0.0944352	21.617085714285736	0.8845417545139597
0.0947398	20.585545714285715	0.8707423872391281
0.0950445	19.694282380952387	0.8743242999689873
0.0953491	19.56171000000002	0.8737074604538236
0.0956537	18.667634285714257	0.8602689705899434
0.0959584	20.23092714285717	0.8647959552737273
0.096263	18.758326666666704	0.8630771125297454
0.0965676	18.675598095238087	0.8682876616633776
0.0968722	19.331152857142854	0.8645661671931666
0.0971769	19.811699523809523	0.8568158256140334
0.0974815	19.430554761904773	0.8620536494101924
0.0977861	18.77664666666668	0.8525738354177524
0.0980908	17.495648571428603	0.8553575292403787
0.0983954	18.842874761904767	0.8562324747894
0.0987	18.81586952380951	0.8491008271601506
0.0990047	18.44682761904761	0.8537446260487412
0.0993093	17.629490952380948	0.8434971106975159
0.0996139	17.672271428571435	0.8478097042823954
0.0999185	17.018349999999998	0.8399182219581623
0.100223	18.434424285714314	0.8474408212783563
0.100528	16.750082380952392	0.8409318985322176
0.100832	17.442073333333312	0.8365477978188701
0.101137	18.51903666666668	0.8450883810375583
0.101442	18.83440809523809	0.8364618764662124
0.101746	18.65378095238097	0.8390146339301848
0.102051	16.629260476190495	0.8376907906785255
0.102356	16.280313809523832	0.8273767801736052
0.10266	17.20543047619047	0.8323912469112918
0.102965	16.321211428571445	0.8238742365448829
0.103269	15.627362380952405	0.8293087700706977
0.103574	14.751616666666663	0.8225813534592986
0.103879	17.237501904761913	0.8253409355499878
0.104183	15.728335714285706	0.8281251420010705
0.104488	16.39463619047619	0.8232996655179728
0.104793	14.851657142857164	0.8205871063776677
0.105097	16.560733809523796	0.8155671104169069
0.105402	15.339457142857128	0.8178844482891225
0.105707	16.21061714285716	0.8229881513964253
0.106011	15.706477619047646	0.8141272287554011
0.106316	14.724541428571442	0.8137423117651957
0.10662	15.056353333333348	0.8074239988458252
0.106925	15.27749285714286	0.8118352910704488
0.10723	14.968250476190505	0.8160757784683235
0.107534	15.190015238095242	0.808117688422958
0.107839	14.578412380952372	0.8071784728157784
0.108144	14.560669523809523	0.8006537151068649
0.108448	15.254868095238095	0.8083491664858274
0.108753	14.89939714285714	0.8010883939880578
0.109057	15.57714857142858	0.8037872072906102
0.109362	13.383049523809518	0.8053623459914796
0.109667	13.83599523809525	0.7997806302019242
0.109971	14.460942380952403	0.8026397964833439
0.110276	14.96143333333336	0.7936444582711389
0.110581	15.247021428571458	0.7969017119239106
0.110885	13.851821428571427	0.7994799783709162
0.11119	13.138157142857168	0.793091835552185
0.111494	13.40142619047623	0.7940349604429973
0.111799	14.39168476190477	0.7867638755802085
0.112104	13.266328571428573	0.7926632679846967
0.112408	13.097945238095235	0.7858938940482997
0.112713	14.313735714285727	0.7899351367655284
0.113018	13.234907619047647	0.7905454831108493
0.113322	13.252382380952383	0.7798703302071389
0.113627	12.452243809523821	0.788911799496992
0.113931	11.60482761904764	0.7739979191400563
0.114236	12.387970000000024	0.7840715078936401
0.114541	11.861969047619084	0.7788883647090689
0.114845	12.222414285714308	0.7774676650033908
0.11515	12.295743809523799	0.7809760157689495
0.115455	12.728012857142886	0.7757313857247049
0.115759	12.046951904761926	0.773908888426668
0.116064	11.896811904761904	0.7735654814459422
0.116369	12.206579523809552	0.7711302682615929
0.116673	13.01993809523809	0.7769636593211702
0.116978	12.552694761904775	0.7717475952936607
0.117282	12.53365238095239	0.7755347896053048
0.117587	13.114496666666653	0.7737122451167076
0.117892	10.709985714285722	0.761642277730437
0.118196	10.343880476190506	0.7618379054963667
0.118501	12.433319523809558	0.76889657325279
0.118806	12.811430000000016	0.7686226435358243
0.11911	13.132768095238134	0.7694572104467289
0.119415	11.026818571428564	0.7631303407022739
0.119719	10.972276190476194	0.7615333020153726
0.120024	10.404686666666677	0.7590015062491352
0.120329	11.367252380952408	0.7580859511434767
0.120633	11.614498571428584	0.7624494511557104
0.120938	11.407141428571435	0.7576602595676147
0.121243	12.178325714285748	0.7609307867154569
0.121547	9.894167142857157	0.7544426544162298
0.121852	12.06976714285716	0.7589020292113153
0.122156	10.823420952380957	0.7516577529179767
0.122461	9.536102857142865	0.7508595327977216
0.122766	10.832010476190476	0.7558478576611295
0.12307	10.124660000000034	0.7476706948344539
0.123375	10.059535238095279	0.7493007054625782
0.12368	11.148735238095242	0.7466853579736729
0.123984	10.712426190476236	0.7557228926897097
0.124289	9.157377619047637	0.7431132045318865
0.124594	10.317433809523806	0.7484995024173253
0.124898	11.633054761904773	0.7484297165263938
0.125203	9.845348571428602	0.7444661207850544
0.125507	11.737287142857156	0.7455886602111796
0.125812	10.23566952380952	0.7427965982346011
0.126117	10.557290000000023	0.7486680673721947
0.126421	10.012770952380976	0.7417026124326637
0.126726	9.186819523809561	0.75383376843164
0.127031	9.416498571428576	0.774568477893935
0.127335	10.11718857142857	0.7727518171033946
0.12764	9.013982857142864	0.7873107297464145
0.127944	9.437924761904753	0.7940982541587684
0.128249	9.426323333333343	0.798351803545306
0.128554	8.47753333333334	0.7927534710238824
0.128858	9.09959095238095	0.7860081235147756
0.129163	9.61088809523811	0.7820693831338434
0.129468	8.815986190476224	0.7630756014086534
0.129772	9.791513809523806	0.7636656332124632
0.130077	8.473673333333338	0.7548645558163222
0.130381	10.589428571428584	0.7665801529103126
0.130686	9.074438571428573	0.7621050442110922
0.130991	8.685877142857166	0.7513746278045528
0.131295	8.971972857142859	0.7583057952425819
0.1316	9.232842380952405	0.7514386660475935
0.131905	10.643233333333342	0.7529090607820995
0.132209	9.389325238095239	0.7549332239526836
0.132514	8.656927619047636	0.7430148802257585
0.132819	8.676539047619073	0.7530892664196864
0.133123	9.14564952380951	0.7441018876837987
0.133428	8.961664761904771	0.7428592649451518
0.133732	9.115051428571462	0.7415216342132058
0.134037	9.762290000000021	0.7414919443823409
0.134342	9.632487142857144	0.74320443999957
0.134646	9.084924761904773	0.7280640512254934
0.134951	7.928007619047619	0.7285508069772348
0.135256	10.053206190476189	0.7297081355411025
0.13556	8.861118095238126	0.7282997129829067
0.135865	8.492804761904779	0.7265234537487725
0.136169	8.949506666666679	0.71728967249963
0.136474	7.525786666666676	0.723166300059927
0.136779	8.357448571428606	0.7185450120874789
0.137083	8.626581428571441	0.7223832331169053
0.137388	8.550269047619054	0.7203927834930501
0.137693	8.77206047619049	0.7165638258578773
0.137997	8.83899857142859	0.7251667549528381
0.138302	9.467927142857164	0.7178560433994354
0.138606	7.600329047619084	0.7161174097941739
0.138911	8.166218095238094	0.7103912896507667
0.139216	8.60038952380954	0.7189989008202159
0.13952	7.842606666666683	0.7186776996708427
0.139825	9.437325238095255	0.7119620063215095
0.14013	6.859581523809538	0.7077923090114809
0.140434	8.361431428571436	0.7061803745497705
0.140739	7.993323333333322	0.7143307504348364
0.141044	7.219690476190479	0.706568678002334
0.141348	9.08245047619046	0.709698311568354
0.141653	7.337779047619037	0.7105335799936381
0.141957	7.167434285714293	0.7019264510224401
0.142262	7.819818095238119	0.7094623252954338
0.142567	7.857952380952398	0.7001794595763737
0.142871	7.351822380952399	0.7016462532578365
0.143176	8.160234285714282	0.7093381580654478
0.143481	8.431445238095236	0.7045663903433156
0.143785	6.717628571428591	0.7013172742411856
0.14409	7.263861428571445	0.6982146478598376
0.144394	5.750500476190467	0.6990741657154432
0.144699	7.486620952380974	0.7041358876224563
0.145004	6.476540000000014	0.6936044719848116
0.145308	7.274551904761921	0.6993792241675951
0.145613	7.426423333333361	0.6946003646201316
0.145918	8.91619904761906	0.7019265268830597
0.146222	7.802638095238123	0.6981488745251138
0.146527	6.125914285714273	0.6926244092656221
0.146831	7.091138571428601	0.6991359562603016
0.147136	6.500786666666642	0.6893339835538909
0.147441	7.240937142857135	0.7191746352293467
0.147745	6.913787142857146	0.7238196886854673
0.14805	6.2112214285714344	0.7293315743894107
0.148355	7.930315714285726	0.7499319811620633
0.148659	6.379466666666673	0.7396773580621543
0.148964	6.684654761904767	0.7573926512218201
0.149269	6.507835047619025	0.7477472415641808
0.149573	5.857795238095235	0.7565991652715981
0.149878	7.702834761904768	0.7614832856785291
0.150182	5.954900761904781	0.7543912972065943
0.150487	6.8824352380952405	0.7641945466335563
0.150792	6.521100952380976	0.7604870531155986
0.151096	6.769591428571431	0.7686595821889151
0.151401	5.14647742857143	0.7559297979455634
0.151706	5.969615904761923	0.7616611578523249
0.15201	7.00430904761906	0.7664257899127328
0.152315	6.216705619047659	0.7595695999956114
0.152619	6.558621333333349	0.7364022211299408
0.152924	6.6323646666666605	0.720471700891514
0.153229	7.457180000000022	0.7178711323416693
0.153533	7.003961904761923	0.7148722626929978
0.153838	6.331723238095236	0.7019559630395762
0.154143	5.708182380952394	0.7045614871261127
0.154447	7.7261747619047725	0.6968710971169553
0.154752	5.778087428571425	0.7018329042248042
0.155056	6.859359523809545	0.699635462519602
0.155361	6.483064571428585	0.6956194211165267
0.155666	5.691815047619073	0.6996089542183103
0.15597	7.167652000000018	0.6941064487029628
0.156275	6.6338818095238	0.6991387003385859
0.15658	5.76000523809526	0.6921893076108151
0.156884	7.8196166666666755	0.6980243788403336
0.157189	6.355432952380966	0.6943058832969454
0.157494	6.360540190476215	0.6860964583430722
0.157798	5.256011619047612	0.6888815992832731
0.158103	6.01752352380953	0.6824397921216528
0.158407	5.88160114285715	0.6874384722531435
0.158712	6.139471047619054	0.6880361820591353
0.159017	6.095103714285727	0.6839749434046974
0.159321	6.213289333333364	0.6873503667572277
0.159626	5.408222285714302	0.6721231230136548
0.159931	5.361837333333327	0.6838575700268217
0.160235	4.755219047619079	0.678590372878642
0.16054	5.5469267619048	0.6779269494305095
0.160844	5.9641423809523815	0.683028484830975
0.161149	4.694076761904768	0.6697290335008861
0.161454	6.702315904761917	0.6819347852047332
0.161758	5.78460647619049	0.674425673317054
0.162063	4.611519809523827	0.673023517200554
0.162368	5.915904095238119	0.6745740251855015
0.162672	5.2812707619047785	0.6713824415307397
0.162977	5.666506952380956	0.6763939404004258
0.163281	6.461653904761931	0.6693496083738908
0.163586	3.8307116190476336	0.6660057280629287
0.163891	5.579667619047655	0.674723589300769
0.164195	6.3737899047618924	0.669197816479493
0.1645	5.845852571428566	0.6732549398115979
0.164805	6.850454666666693	0.6656950183862128
0.165109	5.439547047619044	0.6712490348836464
0.165414	5.700045333333321	0.6668227763874706
0.165719	6.114513809523814	0.6647468305623411
0.166023	5.505027809523838	0.6692397535741434
0.166328	5.1067027619047565	0.6638750420786884
0.166632	4.719724666666693	0.6642406353441185
0.166937	5.0373397142857215	0.6570124867134718
0.167242	6.124085809523791	0.6627399050818716
0.167546	4.1342951428571695	0.660326463064072
0.167851	5.0510427619047675	0.6623506211799434
0.168156	5.592604761904752	0.6603233576701065
0.16846	5.287210571428588	0.6585526530591186
0.168765	4.262674857142883	0.6584052453059365
0.169069	5.217728095238101	0.6583104802133728
0.169374	4.504020857142848	0.6563118368175589
0.169679	5.22434057142857	0.659275552492498
0.169983	5.822057333333348	0.6537101501559688
0.170288	4.722283809523844	0.6565585232133611
0.170593	4.666187809523834	0.6514193579001887
0.170897	5.332279047619053	0.6542532203989262
0.171202	4.568814571428604	0.6494654373215529
0.171506	3.77087495238095	0.654088140443052
0.171811	4.610343714285719	0.6559807612037968
0.172116	4.204537428571442	0.643401767284951
0.17242	3.967307238095259	0.6490467201010812
0.172725	4.88790285714289	0.6475503623409776
0.17303	4.1919938095238365	0.6519778720168223
0.173334	4.406771523809539	0.6498921264174512
0.173639	4.187963809523808	0.6406831557237651
0.173944	3.4907352380952545	0.6490436525854274
0.174248	3.131375142857138	0.6397226436628312
0.174553	3.8974792380952437	0.6465135242638034
0.174857	4.324806857142889	0.6435028549941479
0.175162	4.92186038095241	0.6459107822009439
0.175467	4.60214114285715	0.6473227367388098
0.175771	4.602314380952379	0.6380146350487953
0.176076	4.741079619047625	0.64536847068403
0.176381	4.04848647619049	0.6376013332830303
0.176685	4.061411142857153	0.6428793072918056
0.17699	3.9364875238095323	0.644891077942063
0.177294	3.4589280952381074	0.6311724605508294
0.177599	3.097662000000028	0.638028159977003
0.177904	3.1653698095237957	0.6387507747671873
0.178208	2.961387904761935	0.6360595084892168
0.178513	3.745511714285712	0.6392432169254013
0.178818	4.654247904761931	0.6348739332080341
0.179122	2.4410641904761974	0.6360488147615608
0.179427	4.220144476190498	0.6360722154123473
0.179731	3.613886666666687	0.6316730946446555
0.180036	4.447924095238122	0.6356933765637054
0.180341	4.199682857142875	0.6295596282633905
0.180645	3.000378476190477	0.6351641187439453
0.18095	3.5057136190476115	0.6322766012245687
0.181255	3.6092837142857377	0.6314228964688537
0.181559	3.747701523809539	0.6338357118188491
0.181864	4.107820666666683	0.6296555048707603
0.182169	1.8408364761905034	0.6290760256847115
0.182473	3.496507619047648	0.627356927354532
0.182778	3.5195560000000086	0.6292512606862938
0.183082	3.6710731428571393	0.6261944119553468
0.183387	3.102708190476193	0.629018630443932
0.183692	3.883888095238106	0.6282471833037468
0.183996	2.7455526666666685	0.6268717107014516
0.184301	3.539514761904769	0.6260803265640169
0.184606	3.009863523809514	0.6238203586570134
0.18491	3.8959576190476355	0.6261165198300787
0.185215	3.5075236190476176	0.6223019929269392
0.185519	3.840210095238106	0.6275501308973678
0.185824	2.6150512380952478	0.6232090405661522
0.186129	2.3099555238095206	0.6186091238668919
0.186433	3.98139923809525	0.626244491237851
0.186738	2.479833333333346	0.6170245427943508
0.187043	2.294070476190484	0.6213114029376834
0.187347	2.0416651428571413	0.620535922581028
0.187652	3.548472095238097	0.6181818221209139
0.187956	3.257062000000005	0.6208471584191391
0.188261	3.663686571428542	0.6157096050561237
0.188566	3.905852857142861	0.6228299184028169
0.18887	2.9379266666666695	0.6184264517604287
0.189175	3.450422190476189	0.6177537174504133
0.18948	3.941717523809544	0.6183020886653725
0.189784	2.403466571428595	0.6143136820799464
0.190089	3.0158184761905176	0.6188407093281696
0.190394	3.0379689523809787	0.6135419914649779
0.190698	3.2355361904761963	0.6173313930059476
0.191003	2.5259875238095333	0.617318920020878
0.191307	3.853566190476201	0.612860316076579
0.191612	2.52933400000002	0.613421841897985
0.191917	3.786419904761928	0.6107817991705179
0.192221	3.3790278095238193	0.6147010574105144
0.192526	3.0112099047619125	0.611568995427556
0.192831	3.738584190476189	0.6144929286511336
0.193135	3.469044285714318	0.6096699877865497
0.19344	2.5418340000000086	0.6067307495019285
0.193744	1.736017047619086	0.6096892752737941
0.194049	2.4398698095238274	0.6082225892017741
0.194354	3.1287219047619033	0.6059915011201152
0.194658	1.522711714285748	0.6058068986599657
0.194963	2.7892797142857404	0.6035176064476064
0.195268	2.675527904761907	0.6053387896485045
0.195572	2.6001274285714544	0.6016298997809894
0.195877	2.9015841904762	0.6057710169003003
0.196181	2.3012692380952444	0.6046620203382408
0.196486	3.0891841904761748	0.6019318528374991
0.196791	1.9375966666666926	0.6026376387991468
0.197095	2.8967910476190752	0.5967831574767389
0.1974	2.192267809523827	0.6019405338731528
0.197705	3.3077087619047774	0.6033657830194751
0.198009	3.4082701904761876	0.5998388919872786
0.198314	3.017135428571436	0.6030083047983409
0.198619	3.7559249523809797	0.6005004030468731
0.198923	3.4168706666666964	0.6042078614423675
0.199228	3.530022095238124	0.6016083907578873
0.199532	2.921443523809515	0.5982998850197806
0.199837	3.4202910476190596	0.6047789621647338
0.200142	2.0904720000000054	0.5975970240684287
0.200446	2.1950732380952616	0.6004367136854154
0.200751	2.1867959047619223	0.5954763741961299
0.201056	3.4698004761904855	0.598835571454622
0.20136	1.420237428571454	0.5965993637564333
0.201665	2.10632466666668	0.5941012939658574
0.201969	3.0844304761904766	0.6017955513639699
0.202274	2.901565142857123	0.5937446576558204
0.202579	2.6273154285714497	0.597503346162482
0.202883	2.9535715238095435	0.5953905123325387
0.203188	3.491006952380971	0.5989679370964935
0.203493	2.9903083809523565	0.598144561710377
0.203797	0.7378392380952334	0.5870629261760871
0.204102	2.5489100952381136	0.5986129993825281
0.204406	2.5813917142857434	0.5890385425247753
0.204711	2.917408666666688	0.59233760025016
0.205016	2.248333238095256	0.5898598957600973
0.20532	2.8222576190476047	0.5938199003379935
0.205625	2.5694323809523922	0.593299599220518
0.20593	2.998703714285739	0.5885710766294446
0.206234	2.4176775238095303	0.5938422064037417
0.206539	2.731128476190463	0.5892899511608417
0.206844	3.0075759047619073	0.5893763652841185
0.207148	0.6075641904762108	0.5875701219626546
0.207453	1.3998590476190458	0.5844313942060075
0.207757	2.6498823809523913	0.5915680276252522
0.208062	2.6867668571428567	0.587593519109855
0.208367	2.0557362857143175	0.5863431164001007
0.208671	2.0784267619047796	0.5873508197264075
0.208976	2.2187179047618883	0.5852265347696431
0.209281	3.6216642857143313	0.5881453628607151
0.209585	2.030150571428578	0.5827293357512375
0.20989	2.1735180000000014	0.5817625680485642
0.210194	1.7382946666666896	0.5861917759934314
0.210499	1.2324370476190438	0.5821367681644961
0.210804	1.1774709523809577	0.5815471182091472
0.211108	1.9617438095238242	0.5822754219234609
0.211413	1.966903333333363	0.5818638829585692
0.211718	2.386333047619061	0.5870980069518597
0.212022	2.219344000000021	0.5969423046728095
0.212327	1.3278186666667011	0.6057676729847928
0.212631	2.551267333333385	0.612983091751043
0.212936	3.237620571428579	0.6223057245169293
0.213241	2.2384536190476467	0.6226319265458937
0.213545	1.3379318095237949	0.6186057197091962
0.21385	2.082187047619044	0.6230286152440417
0.214155	1.6894966666666988	0.6223708930349363
0.214459	1.3128936190476281	0.6275669397246739
0.214764	3.160104571428576	0.6290375057011011
0.215069	2.3270627619047843	0.629745839060744
0.215373	2.140442380952379	0.6304689430200732
0.215678	2.5539579999999944	0.6361511101529785
0.215982	2.968177238095251	0.6340115294488423
0.216287	1.9421157142857055	0.6324511718053417
0.216592	1.8774001904762088	0.6358816867947203
0.216896	1.3292653333333533	0.6307425308624018
0.217201	1.3623257142857312	0.6158225995900598
0.217506	2.123970190476186	0.6056894561770646
0.21781	2.153088476190476	0.6022827123826018
0.218115	2.0568510476190482	0.6025172102030915
0.218419	3.296732571428578	0.595673912357521
0.218724	1.27745266666669	0.5964942134753921
0.219029	1.6336421904761806	0.5887300611675588
0.219333	0.9851919999999978	0.5899099715266286
0.219638	1.2929678095238017	0.5915699189763729
0.219943	1.389766952380981	0.5851077413172567
0.220247	1.966517523809543	0.5913615482548316
0.220552	0.7145848571428672	0.5826539694939243
0.220856	1.9207587619047644	0.5882252297144018
0.221161	1.180788666666686	0.5863501120884432
0.221466	3.087916761904765	0.581347292664024
0.22177	1.3547338095238075	0.5869215575385912
0.222075	2.1098439047619166	0.5813540129948436
0.22238	1.7539112380952133	0.5825885167594682
0.222684	2.542723428571435	0.5825734737059264
0.222989	2.732879714285758	0.5816719795373942
0.223294	1.8727231428571542	0.5831316910670344
0.223598	1.3087033333333409	0.5757901109990479
0.223903	2.313988285714288	0.5794597808985398
0.224207	1.767694476190485	0.5791967817938247
0.224512	0.6292551428571329	0.5754159722023644
0.224817	1.9775387619047677	0.5797741942152275
0.225121	1.7001511428571376	0.572719470461057
0.225426	1.4672891428571404	0.5765066400202349
0.225731	2.1004860952380966	0.5754882061313431
0.226035	1.6372471428571487	0.5761332451923675
0.22634	0.9329086666666768	0.5728578106111687
0.226644	1.557674476190499	0.569389774302984
0.226949	1.6960449523809729	0.5748929786137648
0.227254	1.4235077142857193	0.5711592465475088
0.227558	0.5028079047619229	0.5705581361407507
0.227863	0.35301552380953183	0.5685359701925613
0.228168	1.538772857142888	0.5716688365536071
0.228472	2.3633069523809667	0.5749556280118148
0.228777	2.0404457142857098	0.5688724724129552
0.229081	1.7020615238095615	0.5685954655140846
0.229386	1.6081500952380878	0.5666440063757442
0.229691	1.412147142857151	0.569347693933055
0.229995	2.1985120000000364	0.5726086502936205
0.2303	2.261435238095231	0.5664339777558721
0.230605	0.8807493333333412	0.5654200926778232
0.230909	1.1492948571428627	0.5648121795420885
0.231214	2.0542510476190614	0.5702045511856642
0.231519	1.7605559047619437	0.5644611422555192
0.231823	0.8275336190476281	0.5617089844337504
0.232128	1.530572476190457	0.5687865578974123
0.232432	1.231876476190493	0.5615829783895537
0.232737	1.4736667619047807	0.564506887789678
0.233042	1.314690761904771	0.5612401989075537
0.233346	1.6010423809523928	0.5637348337831332
0.233651	1.3651089523809645	0.5668975743610276
0.233956	0.8931072380952543	0.5587355933788857
0.23426	0.8150062857142899	0.5622312302960888
0.234565	1.2727852380952385	0.558355478802364
0.234869	1.913632571428579	0.5625949581632059
0.235174	1.3743067619047764	0.5602618633952636
0.235479	1.5090250476190477	0.5577541548027057
0.235783	0.8702187619047805	0.5594960314944404
0.236088	1.8891842857143075	0.558516755012996
0.236393	1.248563047619072	0.5607601890077535
0.236697	1.9629156190476493	0.5560652140042351
0.237002	1.6335217142857346	0.5580976879154508
0.237306	0.8514383809523878	0.559145367040091
0.237611	0.556380190476176	0.552437020618062
0.237916	1.2121664761904896	0.5574852693670787
0.23822	1.1983714285714342	0.5544633016810441
0.238525	1.200162380952392	0.5559070060062479
0.23883	2.347834952380964	0.5600183111529776
0.239134	1.3350073333333512	0.5515304717837614
0.239439	0.9117728571428785	0.5559948750450235
0.239743	1.4212292380952647	0.5513096845311334
0.240048	0.9310151428571203	0.554568452030288
0.240353	1.031692952380979	0.5533778077556825
0.240657	2.220387333333349	0.5536142945376741
0.240962	0.7342669523809491	0.5553873860918235
0.241267	2.6127441904761923	0.5511389777912223
0.241571	2.3916281904761973	0.5547616047554618
0.241876	1.1523620952381037	0.5498368053951805
0.242181	0.234713904761918	0.5463899104402281
0.242485	1.5195214285714371	0.554391389521763
0.24279	1.7916815238095296	0.5495421128871595
0.243094	1.262841523809513	0.548113534150732
0.243399	0.9940935238095392	0.5478571063645578
0.243704	0.5076165714285708	0.547830272721916
0.244008	0.9967134285714252	0.548363768919486
0.244313	1.5729650476190216	0.5464199299575871
0.244618	0.8313722857142949	0.5453792016105993
0.244922	1.5453714285714284	0.547427763212509
0.245227	1.6072497142857287	0.5486087940048593
0.245531	0.9600520952381117	0.5454202439841964
0.245836	0.9703726666666768	0.545843028487074
0.246141	1.743270761904796	0.5489692773571531
0.246445	2.184182666666672	0.5459151434007552
0.24675	1.6915632380952275	0.546973161736543
0.247055	0.6704789523809609	0.5424411757105198
0.247359	1.2894676190476417	0.5429058965154018
0.247664	2.439441047619056	0.5450525275045361
0.247968	1.5077305714285814	0.5434296385891232
0.248273	1.5449409523809692	0.5445400001392555
0.248578	1.8658189523809625	0.5409295878698788
0.248882	2.8677625714285853	0.5458623570342803
0.249187	0.8762599047619091	0.538101186804418
0.249492	0.8961668571428874	0.5394715524141698
0.249796	1.1781514285714252	0.5415774219326598
0.250101	0.745516380952381	0.5365169630866101
0.250406	1.330952857142833	0.5429283614781549
0.25071	0.7786262857142958	0.5363843463152904
0.251015	2.3762215238095337	0.5404097254722978
0.251319	1.2532758095238137	0.539129892461066
0.251624	2.454729142857161	0.5385206434550182
0.251929	1.1266747619047806	0.5421490679303541
0.252233	1.5146222857143101	0.5361816812946681
0.252538	-0.4603631428571333	0.5362519256778694
0.252843	1.0191782857142897	0.5370620547637076
0.253147	2.2385962857143085	0.5402023622708603
0.253452	0.0797051428571649	0.53775366132346
0.253756	2.3026641904762073	0.5347581634095608
0.254061	1.6137103809524262	0.5372957042322604
0.254366	1.452909142857166	0.5373272890026629
0.25467	1.3809920952380992	0.5357744615063408
0.254975	0.9575308571428707	0.5380720862213447
0.25528	2.508967047619066	0.5351258066150338
0.255584	1.4286423809523967	0.5372947377078992
0.255889	0.9846311428571397	0.5345364877242559
0.256193	1.9916012380952424	0.5343336922620099
0.256498	1.0308238095238238	0.5331839177147162
0.256803	1.2391439047619173	0.5326088736422799
0.257107	1.8415642857142842	0.5346094070193461
0.257412	1.2771532380952237	0.5339686959695058
0.257717	1.687305619047649	0.5328919468145896
0.258021	2.039864190476223	0.5347818923905822
0.258326	1.9393054285714157	0.5341577228019081
0.258631	1.8863595238095456	0.5353208506726896
0.258935	1.0175255238095247	0.5264840535505562
0.25924	1.307817904761933	0.5327661322522218
0.259544	1.7437204761905036	0.5323172281974261
0.259849	2.0806217142857406	0.5313346275445896
0.260154	0.8162144761904813	0.5306270280261898
0.260458	0.6830453333333395	0.5266095857625
0.260763	1.5044203809523964	0.5331190876900865
0.261068	0.28920180952381713	0.5245789257344199
0.261372	1.7604793333333077	0.5298135044767258
0.261677	1.3562504761905103	0.5290614885051874
0.261981	1.1779100952380759	0.5256571728912877
0.262286	1.597126571428575	0.530624489539187
0.262591	1.075240476190487	0.5242538650158679
0.262895	0.1593036190476198	0.5259692266277705
0.2632	0.727543523809544	0.5272962418065003
0.263505	0.8611347619047649	0.5271878156618135
0.263809	0.7371951428571748	0.5269140208477378
0.264114	0.9072028571428632	0.5205058643117295
0.264418	0.6026208571428668	0.5269568095321172
0.264723	1.5168615238095242	0.5257918102353311
0.265028	1.5675915238095541	0.5261418907105115
0.265332	1.3189081904762077	0.5238310988818645
0.265637	1.189388190476194	0.523746256035931
0.265942	0.8282201904762161	0.5247670058712368
0.266246	1.2159041904762233	0.5214949034598912
0.266551	0.5479249523809528	0.5223066530664486
0.266856	0.8131230476190439	0.5219748498371348
0.26716	1.0438261904761958	0.524724079665295
0.267465	0.13427476190477705	0.5209367653369104
0.267769	0.6154292380952313	0.5190788728811572
0.268074	1.190760952380984	0.5229854636020815
0.268379	0.5008600000000172	0.521578155209963
0.268683	1.549720285714315	0.5245623014764673
0.268988	1.9389925714285852	0.5203469321044204
0.269293	1.2236979047619059	0.5186663989796089
0.269597	0.5911119047619309	0.5215057389833601
0.269902	0.9069343809523787	0.518228839035969
0.270206	0.393808761904765	0.5206191791271028
0.270511	1.1019803809523978	0.5190336296469722
0.270816	1.5354148571428823	0.5207746531202403
0.27112	2.0392376190476114	0.5251454069951026
0.271425	0.8038967619047526	0.5138987574293212
0.27173	0.8246348571428825	0.5189453034725421
0.272034	0.2441397142857369	0.5147996326937013
0.272339	1.2446871428571455	0.5178858737362876
0.272643	1.9711658095238391	0.5212538818127507
0.272948	1.012443047619044	0.5134632485636014
0.273253	0.36059742857142396	0.5178409813206717
0.273557	1.1032986666666886	0.5159510974006747
0.273862	1.0993022857143018	0.5153101655582623
0.274167	0.9100392380952371	0.5170649662525063
0.274471	1.5006312380952522	0.5139192017978976
0.274776	1.03470485714287	0.5187587288230228
0.275081	0.7042854285714526	0.5133302397298056
0.275385	1.0506099047619273	0.5142613616296069
0.27569	0.7105695238095251	0.5139496872548737
0.275994	1.053545047619039	0.5144778302621551
0.276299	1.3240028571428581	0.5172673782885845
0.276604	-0.2509893333333082	0.5235303716258547
0.276908	1.878454190476205	0.534528665301898
0.277213	1.7728887619047953	0.5454853755386428
0.277518	1.8604116190476248	0.5643628050801935
0.277822	0.5135600000000125	0.564355118830665
0.278127	1.2325129523809721	0.5729415344219073
0.278431	1.4036849523809565	0.5809602935084263
0.278736	0.789095238095257	0.5839261897790159
0.279041	0.6789493333333496	0.5927092678390505
0.279345	-0.08418447619047242	0.5919745340250764
0.27965	1.4745094285714515	0.6050594458600707
0.279955	0.5781488571428781	0.612169866957712
0.280259	0.6890331428571415	0.612360065822915
0.280564	0.9366953333333328	0.6189304746636353
0.280868	1.181662761904775	0.6155723471349732
0.281173	1.2834882857142986	0.6268615283489275
0.281478	1.2277063809523838	0.6311669221746795
0.281782	1.1727336190476336	0.6223752996375863
0.282087	0.5060952380952415	0.638056463594853
0.282392	1.5383546666666632	0.6325717902949645
0.282696	2.31992504761908	0.6448033727238565
0.283001	0.7952146666666522	0.6411942524501814
0.283306	0.05401295238098669	0.6367966107177636
0.28361	0.40075600000001543	0.6476383254637659
0.283915	0.46529819047619014	0.6422602941655569
0.284219	1.1871742857143062	0.6513004932170069
0.284524	2.360908190476195	0.6544731962035677
0.284829	0.25460952380954893	0.6483984300791015
0.285133	1.042579047619057	0.661970374862137
0.285438	1.8501746666667174	0.658002322112822
0.285743	1.5844923809523976	0.6679040356912874
0.286047	0.9233819047619107	0.6603468988927143
0.286352	0.4460255238095243	0.6637676823052688
0.286656	1.366389238095266	0.6745092077751198
0.286961	1.100202190476196	0.668200868012708
0.287266	0.9820125714285837	0.67632577467203
0.28757	1.7093979047619143	0.6734458004808354
0.287875	1.413106190476185	0.683767521330021
0.28818	1.7414433333333221	0.6775106336873749
0.288484	1.5007172380952483	0.68352830507643
0.288789	-0.08794180952379804	0.686948386595451
0.289093	1.6422834285714316	0.6850982188687107
0.289398	1.8128974285714463	0.6918866969058953
0.289703	0.5476567619047472	0.684737539019697
0.290007	1.6959382857142913	0.6892229060378254
0.290312	1.3459717142857386	0.6956005992932986
0.290617	0.8339340952380923	0.6885594385188287
0.290921	1.3574650476190584	0.6977558494502125
0.291226	1.3058246666666804	0.6866326871157254
0.291531	-0.08068790476188781	0.6974328332383936
0.291835	0.7567429523809466	0.7031978462749795
0.29214	1.4296448571428897	0.696398008339612
0.292444	1.9566106666666627	0.7123793685409834
0.292749	1.633486380952391	0.7005448983329712
0.293054	1.1766203809523574	0.7123879834999256
0.293358	1.7735143809523777	0.7078139802271789
0.293663	-0.4184545714285548	0.7083380988696781
0.293968	-0.36894647619045884	0.7129834643376454
0.294272	0.6957176190476417	0.7096175871243372
0.294577	1.1882759047618947	0.7210374229147848
0.294881	-0.871704857142845	0.7088123186828846
0.295186	0.7044886666666628	0.7203492637506883
0.295491	0.23792628571428054	0.7230069543159612
0.295795	0.7930692380952564	0.7247605940992305
0.2961	2.0590709523809636	0.7356968883055989
0.296405	0.2067000000000121	0.7188738412124749
0.296709	2.5960119999999876	0.7434647387379875
0.297014	1.829341619047625	0.7338384412588642
0.297318	-0.20363961904760686	0.7316255291417275
0.297623	-0.29025085714283705	0.7335803388713669
0.297928	1.7310149523809883	0.7417771938799846
0.298232	1.5749801904761682	0.7459555144270706
0.298537	0.059428952380969235	0.7372635646996359
0.298842	1.3457717142857462	0.7490189017904993
0.299146	1.9305531428571499	0.7478212381284185
0.299451	1.8819243809523698	0.7563066435536172
0.299756	1.197868476190493	0.7516301805948817
0.30006	1.6599274285714216	0.7527204926408748
0.300365	0.755665428571433	0.7557168446935374
0.300669	0.09199409523810687	0.7566729944816872
0.300974	1.390674666666655	0.7576382457825962
0.301279	0.5481438095237934	0.7700817120145672
0.301583	1.5645119047619147	0.7617233719822406
0.301888	1.4628859999999975	0.7678378889034564
0.302193	-1.0668762857143008	0.7684390178819256
0.302497	2.819870000000023	0.7669897722942824
0.302802	0.4238069523809429	0.775112025135742
0.303106	1.4032771428571493	0.7714122383867201
0.303411	1.3239174285714483	0.786983440621023
0.303716	1.2828918095238038	0.7805367938837929
0.30402	0.4937620952380968	0.7717542921288215
0.304325	0.6853685714286257	0.7883331081214581
0.30463	0.6068542857142916	0.778657975581055
0.304934	0.9039112380952332	0.783237118506571
0.305239	0.7799186666666884	0.7858244529287151
0.305543	0.15828809523810605	0.7780117569458427
0.305848	1.1583339047619035	0.7930839385345624
0.306153	1.0449498095238425	0.7936473513394657
0.306457	0.9078855238095258	0.7961391783998144
0.306762	1.1594571428571356	0.7935604349138525
0.307067	1.2353897142857306	0.7986403463160389
0.307371	1.191892857142875	0.8014778816127393
0.307676	0.4845984761904987	0.8006113759467364
0.307981	1.0384620000000098	0.8032291727557674
0.308285	0.8218208571428534	0.8138712454319246
0.30859	0.8172019999999947	0.8109411387190577
0.308894	1.5365265714285954	0.8047994778444394
0.309199	0.206057238095255	0.8135267510315823
0.309504	2.257623238095263	0.8129563178656596
0.309808	0.8546344761904692	0.8214931220689692
0.310113	1.6002639047619027	0.8257412418697287
0.310418	-0.2261857142856769	0.8167827830000194
0.310722	1.1441607619047574	0.8310895276194562
0.311027	1.0874220952380966	0.8151404689889256
0.311331	1.0215313333333569	0.8387217895110454
0.311636	1.784954095238092	0.8370948563840171
0.311941	1.9577644761904622	0.8290534612061689
0.312245	0.4002031428571371	0.8423287104272648
0.31255	1.6270202857142948	0.8297267738921585
0.312855	1.1389771428571862	0.8489631345888391
0.313159	1.4829877142857413	0.8404309985497816
0.313464	2.2050916190476357	0.8471648119690621
0.313768	0.36961152380951035	0.8501063074691093
0.314073	1.3402556190476247	0.8322979650350404
0.314378	0.7714690476190356	0.8595165418117369
0.314682	1.4310097142857217	0.8391274784757561
0.314987	1.4407523809523894	0.848717943214767
0.315292	1.2144618095238116	0.8621444567520209
0.315596	1.9441159999999797	0.8369852282711182
0.315901	1.8893622857142987	0.863666388054807
0.316206	0.3703711428571239	0.8425035959341366
0.31651	0.9818803809523899	0.8553882920727875
0.316815	1.2483924761904746	0.8575335061238153
0.317119	1.7235060000000146	0.8520121049883346
0.317424	1.6253393333333435	0.8721945808985578
0.317729	0.8228238095238396	0.857324244003954
0.318033	1.110275238095241	0.8679194632926341
0.318338	0.536900190476203	0.866491758552129
0.318643	1.4284166666666778	0.8682071401520595
0.318947	1.4921731428571547	0.8843023571071627
0.319252	2.0779567619047725	0.8642870858060993
0.319556	1.7660029523809726	0.8836578184235793
0.319861	1.9757331428571376	0.8809619626987236
0.320166	1.556656666666683	0.8848114788892343
0.32047	2.553186190476225	0.8985222450541377
0.320775	1.553744285714302	0.8774060400626442
0.32108	2.6545480952380984	0.9057922565698329
0.321384	1.4590802857142933	0.8873930734627508
0.321689	-0.10905828571425502	0.8909695824593112
0.321993	2.0457465714286087	0.9013287587116071
0.322298	2.062183904761909	0.9010390696303663
0.322603	-1.5418832380952097	0.903534909070564
0.322907	2.1831864761904995	0.8989620765416765
0.323212	1.4457773333333392	0.9129656014929072
0.323517	1.067464952380945	0.9071851340161539
0.323821	2.357875142857168	0.9182452153374296
0.324126	1.8292379047619107	0.9301844865120295
0.324431	0.6677575238095415	0.902814844435266
0.324735	0.8911619999999942	0.9247891633025865
0.32504	-0.5512203809523868	0.9061677545903274
0.325344	-0.4487796190476132	0.9245890953570773
0.325649	0.11155942857145362	0.9219680706912979
0.325954	1.719454761904771	0.9354020853801476
0.326258	1.2035144761904775	0.9411836492600597
0.326563	-0.18937799999999072	0.9270773059595284
0.326868	2.799080285714311	0.9518081808129462
0.327172	0.43664866666669866	0.9316173383833195
0.327477	0.4768810476190595	0.9451567093108205
0.327781	1.8598389523809544	0.9603474311503661
0.328086	-0.24462695238094057	0.9324639383015312
0.328391	0.9554519047619152	0.9601438808466877
0.328695	-0.128132952380966	0.9402332184678852
0.329	1.0164950476190597	0.9680531593257284
0.329305	0.5240755238095431	0.9587359760570584
0.329609	0.9504131428571441	0.9589905229784831
0.329914	0.9818489523809433	0.9792057769470777
0.330218	0.7334352380952538	0.9588731185242697
0.330523	0.8717780952380991	0.9807004809379701
0.330828	1.4972377142857312	0.9758278052667638
0.331132	2.4868047619047644	0.9845265352099548
0.331437	0.9715722857142879	0.9950785793093909
0.331742	-1.2660741904761608	0.9681009220412818
0.332046	2.166705809523819	1.0051822929940932
0.332351	-0.17346123809524272	0.9826511319589073
0.332656	0.14897380952382377	0.9965694480288407
0.33296	0.8397506666666885	1.0076657525076675
0.333265	0.5497380000000192	0.9842062513973562
0.333569	0.9419303809523853	1.010322132248121
0.333874	1.4225717142857235	1.0011464492828523
0.334179	0.5131584761904691	1.023105037311209
0.334483	0.09441961904762763	1.0028568423024922
0.334788	1.6014197142856972	1.0226563358313916
0.335093	0.7028791428571708	1.0335489065542498
0.335397	2.0257019047619167	1.011753724034447
0.335702	0.850139714285703	1.0397694315629373
0.336006	0.21210295238097387	1.0134270920650568
0.336311	-0.6340754285714212	1.0313116620343021
0.336616	1.9704384761904947	1.0566103920740868
0.33692	1.0070612380952326	1.0178678580670897
0.337225	1.6167336190476362	1.0596555488376314
0.33753	-0.12631257142855645	1.0258062492234592
0.337834	2.2697064761904784	1.0613976508643834
0.338139	-1.2887767619047565	1.0539724592612374
0.338443	2.1947514285714362	1.0553363061934808
0.338748	0.808103904761893	1.0799865938907223
0.339053	0.6693883809523982	1.0490831458460421
0.339357	2.013641523809511	1.0832390570490602
0.339662	1.163031619047615	1.0710968434516916
0.339967	2.3659080000000046	1.0834895872239896
0.340271	3.205045714285717	1.112144372422437
0.340576	0.6189234285714491	1.0628941915566585
0.340881	0.2072000000000287	1.099930787539251
0.341185	-0.6756203809523669	1.080061275915723
0.34149	1.2060322857142864	1.0961053780482914
0.341794	-0.7771013333333201	1.1116095511842299
0.342099	0.709990761904777	1.0905531319332065
0.342404	0.9131067619047855	1.1254067982050429
0.342708	-0.5800102857142662	1.0883130804095642
0.343013	1.5916441904762024	1.127958247604213
0.343318	1.739371238095245	1.1273194334893795
0.343622	4.14226428571429	1.130988536946434
0.343927	0.7197019047618909	1.1546929968412327
0.344231	1.42573152380956	1.1068912347552398
0.344536	0.29289219047619497	1.1547402155381687
0.344841	0.06630828571428538	1.1306471984651194
0.345145	1.9976523809523883	1.1540464567561821
0.34545	1.036047619047622	1.1873964668453107
0.345755	1.875738190476227	1.119352435085482
0.346059	1.3331450476190696	1.1824011047163416
0.346364	2.7935241904761767	1.162345782092497
0.346668	1.141426285714303	1.17659145045909
0.346973	2.0790192380952277	1.1827600684830641
0.347278	-0.39275323809522433	1.1630289418644837
0.347582	1.8098146666666821	1.2113954901866233
0.347887	0.13903428571428833	1.16281604170944
0.348192	-1.4386089523809602	1.1934516001670197
0.348496	1.489131714285719	1.196031130180157
0.348801	1.2348779047619018	1.2050044597119023
0.349106	-0.887533523809509	1.2185027972028366
0.34941	1.7002762857143097	1.1682564113728746
0.349715	0.00009809523811554755	1.2245377289260717
0.350019	1.941351238095237	1.1845794800079898
0.350324	0.2920067619047728	1.1956415688289634
0.350629	0.9351607619047684	1.2157485105357015
0.350933	-0.1632366666666485	1.1853779935452826
0.351238	-1.8467290476190499	1.2128519831718012
0.351543	1.3255340000000189	1.1823060639729546
0.351847	-0.11083657142854975	1.2163800670796938
0.352152	-0.0442162857142705	1.2092670077952843
0.352456	-0.2772741904761773	1.210307201062173
0.352761	1.1291304761904968	1.246775328331432
0.353066	1.4045054285714258	1.2072779783322392
0.35337	1.5723154285714287	1.2528911218551435
0.353675	0.4249931428571472	1.2244286109984612
0.35398	-0.9595993333333297	1.2400445529615736
0.354284	-0.4200730476190415	1.2675820117113035
0.354589	2.7434267619047716	1.2328302640238187
0.354893	0.820028000000022	1.2811290398982849
0.355198	2.4611769523809386	1.251943491268665
0.355503	1.145440000000022	1.2879456948402441
0.355807	1.59761104761904	1.279967306151305
0.356112	-1.2651514285714427	1.274613344017897
0.356417	0.480882095238087	1.3176795381511182
0.356721	2.50426761904761	1.2603830825997802
0.357026	3.266499428571464	1.3365469765776599
0.35733	0.01053828571427573	1.2851859710746725
0.357635	0.8863149523809568	1.3306379707114075
0.35794	-1.1958241904761735	1.362066601283355
0.358244	-0.4831718095238102	1.278272672832401
0.358549	0.06762638095237605	1.3549665213181168
0.358854	-1.2312474285713932	1.313336342440793
0.359158	1.1199869523809554	1.3594397873083621
0.359463	-0.2568890476190546	1.3615098800850167
0.359768	2.3273336190476073	1.3584094958603359
0.360072	3.0052822857143013	1.4226001896670413
0.360377	1.5223742857142781	1.3481813654837442
0.360681	-0.13185971428571008	1.4028132415457377
0.360986	0.18003704761905226	1.3669005845401974
0.361291	2.4900031428571623	1.3999009492160794
0.361595	0.0495426666666674	1.4528363102135793
0.3619	2.5830643809523934	1.3753564412528911
0.362205	1.462444761904763	1.4418208791016254
0.362509	0.11873190476192974	1.4014551475128176
0.362814	0.8516912380952419	1.4511210783813795
0.363118	2.0420788571428545	1.4745872861432807
0.363423	1.3562531428571702	1.4156185286028211
0.363728	-0.10992466666662892	1.507589736359996
0.364032	3.1563413333333443	1.437600663516612
0.364337	1.6573903809524069	1.511665504104019
0.364642	3.5879681904762037	1.4902528554303758
0.364946	-1.0377779047618958	1.4697587171845963
0.365251	-1.1291028571428399	1.567942056571128
0.365555	-0.7312577142856895	1.4447542292310693
0.36586	3.49762380952383	1.5818485516579073
0.366165	0.9955021904762162	1.5043024783804364
0.366469	1.4756800000000112	1.5675231654481105
0.366774	0.6513037142857314	1.6267420435480657
0.367079	-3.167572380952379	1.4658065671544236
0.367383	2.1823439047618933	1.6276398884618626
0.367688	0.7027167619047816	1.5348455171849602
0.367993	0.2945010476190504	1.614867697275105
0.368297	-2.191933428571417	1.5985079813530954
0.368602	0.9560379047618994	1.582228883989984
0.368906	0.2627953333333579	1.7152964363124434
0.369211	-0.08051999999999282	1.555011552953433
0.369516	1.5248543809523767	1.7113348758040674
0.36982	0.1146292380952616	1.6340617703891964
0.370125	1.0767777142857398	1.6818643991231683
0.37043	1.0968222857142678	1.7747142196210357
0.370734	-0.14456552380950427	1.6343073276776154
0.371039	-0.7406900000000007	1.7510870021076264
0.371343	-2.641721714285694	1.6669372803651306
0.371648	0.7122122857142728	1.7620281002043332
0.371953	1.533295809523807	1.814110382601885
0.372257	3.0373985714285823	1.7112469981359602
0.372562	-0.08709971428567087	1.8723522655851796
0.372867	0.8761280952381156	1.7258314426927792
0.373171	0.22526047619049905	1.8686510477542686
0.373476	1.9078879999999998	1.8165438819165072
0.37378	1.9271907619047965	1.845096757837356
0.374085	0.5039739047619065	1.9760022688310583
0.37439	0.2127878095238458	1.770046951649441
0.374694	1.030686380952389	1.978766899132696
0.374999	-0.2324094285713869	1.866825650641112
0.375304	1.6646313333333325	1.9542021675894066
0.375608	-0.6025525714285465	2.114694085167739
0.375913	1.5844884761904723	1.8334161711831258
0.376218	-0.027284857142845453	2.1332729235387586
0.376522	2.2962594285714175	1.9246523491641225
0.376827	1.6052210476190538	2.1474150634987943
0.377131	0.30247504761906896	2.053269972397
0.377436	-1.0060991428571242	2.0689479780200624
0.377741	3.6814854285714347	2.275874408804014
0.378045	3.1011784761904693	2.039270517028405
0.37835	-1.1701295238095213	2.258588870059432
0.378655	-4.200226095238065	2.07654565998526
0.378959	-0.8994646666666455	2.250620727206412
0.379264	0.07989019047622037	2.402914160673941
0.379568	-0.3347850476190217	2.113965144469502
0.379873	-0.390196952380947	2.437369392880044
0.380178	0.8718101904762108	2.2447802244164956
0.380482	2.4837098095238304	2.3918344332791404
0.380787	1.0372832380952417	2.5461789304396603
0.381092	0.8010582857142907	2.303774378220689
0.381396	2.3714889523809575	2.806582182403394
0.381701	0.09567238095242203	2.3010106410875055
0.382005	-1.589099523809523	2.7384321606342135
0.38231	3.968813428571437	2.585752116382768
0.382615	-0.586220190476169	2.598048869379334
0.382919	-4.355226380952374	3.1783720546915504
0.383224	0.9475886666666611	2.3781711362103826
0.383529	3.7765500952381075	3.323603387406731
0.383833	0.822162095238113	2.577842936212509
0.384138	1.1900691428571406	3.2189592078943434
0.384443	0.8559218095238066	3.355428785655627
0.384747	0.5375493333333452	2.711289701146449
0.385052	2.4732239047618947	3.8136942333459896
0.385356	-1.864379523809518	2.7301836434630973
0.385661	4.653715714285724	4.035985941125415
0.385966	9.690600761904761	3.2294115911640917
0.38627	-1.943854000000016	3.728904107132605
0.386575	-1.6993539047618924	4.359522262460949
0.38688	-2.470864476190485	3.120199328933986
0.387184	-0.15016704761903554	4.658464576261487
0.387489	1.8536107619047613	3.5220094554967596
0.387793	3.798842666666687	5.124218279109222
0.388098	-5.123180571428563	5.261347449727131
0.388403	1.322558761904773	3.9756700389507933
0.388707	-2.889163523809515	5.931374268807518
0.389012	5.171123809523834	4.6948080885612775
0.389317	0.	0.
0.389621	3.5878401904762	5.613440077402385