##TITLE= Parameter file, TOPSPIN		Version 3.2
##JCAMPDX= 5.0
##DATATYPE= Parameter Values
##NPOINTS= 40	$$ modification sequence number
##ORIGIN= Bruker BioSpin GmbH
##OWNER= sosnick
$$ 2021-08-20 10:35:24.071 -0500  sosnick@B10064557
$$ /opt/data/Sosnick/Julia/Julia-2021_0819/12/pdata/1/clevels
$$ process /opt/topspin3.2/prog/mod/dataserver
##$LEVELS= (0..255)
-10162421.8 -8468684.8 -7057237.4 -5881031.1 -4900859.3 -4084049.4 -3403374.5
-2836145.4 -2363454.5 -1969545.4 -1641287.9 -1367739.9 -1139783.2 -949819.4
-791516.1 -659596.8 -549664 -458053.3 -381711.1 -318092.6 -265077.2 -220897.6
-184081.4 -153401.1 -127834.3 -106528.6 -88773.8 -73978.2 -61648.5 -51373.7
-42811.4 -35676.2 35676.2 42811.4 51373.7 61648.5 73978.2 88773.8 106528.6
127834.3 153401.1 184081.4 220897.6 265077.2 318092.6 381711.1 458053.3
549664 659596.8 791516.1 949819.4 1139783.2 1367739.9 1641287.9 1969545.4
2363454.5 2836145.4 3403374.5 4084049.4 4900859.3 5881031.1 7057237.4 8468684.8
10162421.8 0 0 0 0 0 0 0 0 0 0 0 0 0 0 0 0 0 0 0 0 0 0 0 0 0 0 0 0 0 0
0 0 0 0 0 0 0 0 0 0 0 0 0 0 0 0 0 0 0 0 0 0 0 0 0 0 0 0 0 0 0 0 0 0 0 0
0 0 0 0 0 0 0 0 0 0 0 0 0 0 0 0 0 0 0 0 0 0 0 0 0 0 0 0 0 0 0 0 0 0 0 0
0 0 0 0 0 0 0 0 0 0 0 0 0 0 0 0 0 0 0 0 0 0 0 0 0 0 0 0 0 0 0 0 0 0 0 0
0 0 0 0 0 0 0 0 0 0 0 0 0 0 0 0 0 0 0 0 0 0 0 0 0 0 0 0 0 0 0 0 0 0 0 0
0 0 0 0 0 0 0 0 0 0 0 0 0 0 0 0 0 0
##$LEVSIGN= 3
##$MAXLEV= 40
##$METHOD= 0
##$NEGBASE= -35676.2
##$NEGINCR= 1.2
##$POSBASE= 35676.2
##$POSINCR= 1.2
##END=
