##TITLE= Parameter file, TOPSPIN		Version 3.2
##JCAMPDX= 5.0
##DATATYPE= Parameter Values
##NPOINTS= 16	$$ modification sequence number
##ORIGIN= Bruker BioSpin GmbH
##OWNER= joesach
$$ 2021-03-15 17:49:30.638 -0500  joesach@B10064556
$$ /home/joesach/data/Ruofan-2021_0312/23/pdata/1/clevels
$$ process /opt/topspin3.2/prog/mod/dataserver
##$LEVELS= (0..255)
-2160998 -1800831.7 -1500693.1 -1250577.5 -1042148 -868456.6 -723713.9
-603094.9 -502579.1 -418815.9 -349013.2 -290844.4 -242370.3 -201975.3 -168312.7
-140260.6 -116883.8 -97403.2 -81169.3 -67641.1 -56367.6 -46973 -39144.2
-32620.1 -27183.4 -22652.9 -18877.4 -15731.2 -13109.3 -10924.4 -9103.7
-7586.4 7586.4 9103.7 10924.4 13109.3 15731.2 18877.4 22652.9 27183.4 32620.1
39144.2 46973 56367.6 67641.1 81169.3 97403.2 116883.8 140260.6 168312.7
201975.3 242370.3 290844.4 349013.2 418815.9 502579.1 603094.9 723713.9
868456.6 1042148 1250577.5 1500693.1 1800831.7 2160998 0 0 0 0 0 0 0 0
0 0 0 0 0 0 0 0 0 0 0 0 0 0 0 0 0 0 0 0 0 0 0 0 0 0 0 0 0 0 0 0 0 0 0 0
0 0 0 0 0 0 0 0 0 0 0 0 0 0 0 0 0 0 0 0 0 0 0 0 0 0 0 0 0 0 0 0 0 0 0 0
0 0 0 0 0 0 0 0 0 0 0 0 0 0 0 0 0 0 0 0 0 0 0 0 0 0 0 0 0 0 0 0 0 0 0 0
0 0 0 0 0 0 0 0 0 0 0 0 0 0 0 0 0 0 0 0 0 0 0 0 0 0 0 0 0 0 0 0 0 0 0 0
0 0 0 0 0 0 0 0 0 0 0 0 0 0 0 0 0 0 0 0 0 0 0 0 0 0 0 0 0 0 0 0 0 0 0 0
0 0 0 0
##$LEVSIGN= 3
##$MAXLEV= 40
##$METHOD= 0
##$NEGBASE= -7586.4
##$NEGINCR= 1.2
##$POSBASE= 7586.4
##$POSINCR= 1.2
##END=
