##TITLE= Parameter file, TOPSPIN		Version 3.2
##JCAMPDX= 5.0
##DATATYPE= Parameter Values
##NPOINTS= 16	$$ modification sequence number
##ORIGIN= Bruker BioSpin GmbH
##OWNER= joesach
$$ 2021-03-12 14:21:17.922 -0600  joesach@B10064556
$$ /home/joesach/data/Ruofan-2021_0312/11/pdata/1/clevels
$$ process /opt/topspin3.2/prog/mod/dataserver
##$LEVELS= (0..255)
-1958611 -1632175.8 -1360146.5 -1133455.4 -944546.2 -787121.8 -655934.8
-546612.4 -455510.3 -379591.9 -316326.6 -263605.5 -219671.3 -183059.4 -152549.5
-127124.6 -105937.1 -88280.9 -73567.5 -61306.2 -51088.5 -42573.8 -35478.1
-29565.1 -24637.6 -20531.3 -17109.4 -14257.9 -11881.6 -9901.3 -8251.1 -6875.9
6875.9 8251.1 9901.3 11881.6 14257.9 17109.4 20531.3 24637.6 29565.1 35478.1
42573.8 51088.5 61306.2 73567.5 88280.9 105937.1 127124.6 152549.5 183059.4
219671.3 263605.5 316326.6 379591.9 455510.3 546612.4 655934.8 787121.8
944546.2 1133455.4 1360146.5 1632175.8 1958611 0 0 0 0 0 0 0 0 0 0 0 0
0 0 0 0 0 0 0 0 0 0 0 0 0 0 0 0 0 0 0 0 0 0 0 0 0 0 0 0 0 0 0 0 0 0 0 0
0 0 0 0 0 0 0 0 0 0 0 0 0 0 0 0 0 0 0 0 0 0 0 0 0 0 0 0 0 0 0 0 0 0 0 0
0 0 0 0 0 0 0 0 0 0 0 0 0 0 0 0 0 0 0 0 0 0 0 0 0 0 0 0 0 0 0 0 0 0 0 0
0 0 0 0 0 0 0 0 0 0 0 0 0 0 0 0 0 0 0 0 0 0 0 0 0 0 0 0 0 0 0 0 0 0 0 0
0 0 0 0 0 0 0 0 0 0 0 0 0 0 0 0 0 0 0 0 0 0 0 0 0 0 0 0 0 0 0 0 0 0 0 0
##$LEVSIGN= 3
##$MAXLEV= 40
##$METHOD= 0
##$NEGBASE= -6875.9
##$NEGINCR= 1.2
##$POSBASE= 6875.9
##$POSINCR= 1.2
##END=
